41 63 7 2

0 2 0
0 1 0
1 7 0
1 6 0
2 3 0
2 5 0
3 4 0
3 15 0
4 12 0
5 11 0
5 10 0
6 16 0
6 17 0
7 9 0
7 8 0
8 35 0
8 19 0
9 20 0
10 21 0
11 13 0
11 35 0
12 14 0
12 18 0
13 25 0
14 26 0
15 22 0
15 26 0
16 34 0
16 24 0
17 23 0
17 27 0
18 36 0
18 40 162
19 39 0
19 40 92
20 38 0
20 40 54
21 37 0
21 40 62
22 33 0
22 40 74
23 32 0
23 40 66
24 31 0
24 40 96
25 30 0
25 40 116
26 29 0
26 40 112
27 28 0
27 40 134
28 40 206
29 40 184
30 40 188
31 40 168
32 40 138
33 40 146
34 40 100
35 40 96
36 40 92
37 40 134
38 40 126
39 40 164

1 1 
2 3 5 
12 51 52 53 54 55 56 57 58 59 60 61 62 
4 7 23 24 32 
5 8 10 12 14 26 
7 16 17 18 20 22 28 30 
9 34 36 38 40 42 44 46 48 50 

0 0
1 36
1 0
3 0
4 0
4 21
4 57
4 36
5 55
5 36
5 40
5 21
5 19
3 21
3 19
4 80
5 57
5 76
3 53
6 89
6 70
6 74
6 80
6 76
6 91
6 101
6 99
6 110
2 110
2 99
2 101
2 91
2 76
2 80
2 57
2 55
2 53
2 74
2 70
2 89
99 99
