27 37 7 2

0 1 0
0 3 0
1 5 0
1 2 0
2 4 0
2 7 0
3 9 0
3 6 0
4 8 0
4 16 162
5 14 0
6 13 0
6 20 272
7 12 0
7 21 288
8 11 0
8 19 216
9 10 0
9 17 200
10 24 200
11 25 216
12 22 288
13 23 272
14 15 0
14 26 552
15 26 483
16 26 364
17 18 0
17 26 658
18 26 376
19 26 384
20 26 412
21 26 420
22 26 424
23 26 416
24 26 380
25 26 388

2 1 9 
1 3 
2 5 7 
8 29 30 31 32 33 34 35 36 
5 10 12 14 16 18 
5 19 20 21 22 24 
3 25 26 28 

0 0
1 0
2 27
2 25
0 27
4 0
4 34
4 36
4 27
4 25
5 25
5 27
5 36
5 34
5 69
6 69
6 52
6 94
3 94
3 96
3 103
3 105
3 106
3 104
3 95
3 97
99 99
