27 37 7 2

0 1 0
0 2 0
1 4 0
1 3 0
2 6 0
2 7 0
3 8 0
3 9 0
4 5 0
5 10 0
5 11 0
6 12 162
7 13 174
8 20 171
9 21 177
10 17 0
10 22 252
11 16 0
11 23 258
12 15 0
12 26 303
13 14 0
13 26 309
14 25 0
14 26 412
15 24 0
15 26 404
16 26 344
17 26 336
18 26 228
19 26 232
20 26 236
21 26 240
22 26 290
23 26 294
24 26 202
25 26 206

1 1 
8 29 30 31 32 33 34 35 36 
6 13 14 16 18 20 22 
3 3 11 12 
1 8 
4 24 26 27 28 
3 5 7 10 

0 0
3 0
6 44
6 57
4 0
6 84
3 44
3 46
2 57
2 59
2 84
2 86
2 101
2 103
5 103
5 101
5 86
5 84
1 114
1 116
1 118
1 120
1 145
1 147
1 101
1 103
99 99
