36 57 7 2

0 1 0
0 3 0
1 2 0
1 4 0
2 8 0
2 6 0
3 5 0
3 9 0
4 7 0
4 12 95
5 10 0
5 29 0
6 16 0
6 27 0
7 13 0
7 28 0
8 11 0
8 14 0
9 15 0
9 26 0
10 20 0
10 25 40
11 25 0
12 21 72
13 19 0
13 35 175
14 34 0
14 35 200
15 18 0
15 24 145
16 17 0
16 22 105
17 24 105
18 35 145
19 35 175
20 23 40
21 35 0
22 35 0
22 35 0
23 35 0
23 35 0
24 35 0
24 35 0
25 35 0
26 33 0
26 35 345
27 32 0
27 35 305
28 31 0
28 35 375
29 30 0
29 35 240
30 35 240
31 35 375
32 35 305
33 35 345
34 35 200

1 1 
1 3 
3 5 7 9 
9 21 25 27 29 31 45 47 49 51 
6 11 13 15 17 19 23 
10 22 32 33 34 35 52 53 54 55 56 
5 36 38 40 42 43 

0 0
1 0
2 0
2 8
2 35
4 8
4 21
4 35
4 0
4 29
3 8
5 0
4 56
3 35
3 40
3 29
3 21
5 21
5 29
5 35
5 8
6 96
6 107
6 102
6 115
6 94
3 69
3 61
3 75
3 48
5 48
5 75
5 61
5 69
5 40
99 99
