51 84 7 2

0 2 0
0 1 0
1 6 0
1 8 0
2 3 0
2 5 0
3 4 0
3 7 0
4 9 0
5 10 0
5 15 0
6 12 0
6 14 0
7 17 0
7 16 0
8 11 0
8 13 0
9 18 0
9 37 130
10 22 0
11 21 0
12 47 0
13 27 0
13 50 0
14 19 0
14 40 91
15 20 0
15 39 133
16 23 0
16 29 147
17 38 35
18 26 0
18 41 21
19 25 0
19 30 150
20 24 0
20 31 162
21 49 0
21 45 0
22 48 0
22 50 0
23 42 276
24 35 264
25 34 228
26 32 168
27 28 0
27 36 324
28 46 0
28 33 203
29 50 33
30 50 0
30 50 21
31 50 0
31 50 27
32 50 0
32 50 40
33 50 0
33 50 41
34 50 0
34 50 50
35 50 0
35 50 56
36 50 0
36 50 66
37 50 11
38 50 17
39 45 0
39 50 31
40 44 0
40 50 25
41 43 0
41 50 15
42 50 0
42 50 58
43 50 0
43 50 278
44 50 0
44 50 298
45 50 0
45 50 310
46 50 182
47 50 212
48 50 224
49 50 244

1 1 
11 7 18 34 36 75 77 79 80 81 82 83 
3 3 5 14 
4 8 10 12 16 
6 25 27 29 30 32 48 
8 19 20 21 41 42 43 44 46 
17 23 38 40 49 51 53 55 57 59 61 63 64 65 67 69 71 73 

0 0
2 10
2 0
1 0
3 0
3 16
3 10
2 70
3 26
1 68
5 16
5 26
5 10
6 94
4 78
4 84
4 86
4 70
4 68
1 78
1 84
6 125
6 115
5 86
5 84
5 78
5 68
5 94
4 94
6 160
6 148
6 154
6 167
6 168
6 177
6 183
6 193
6 138
6 144
6 158
6 152
6 142
6 185
1 142
1 152
1 158
1 94
1 109
1 115
1 125
99 99
