27 36 7 2

0 1 0
0 2 0
1 3 0
1 5 0
2 4 0
2 6 180
3 9 0
4 8 0
4 7 180
5 14 0
5 15 441
6 13 0
6 22 581
7 12 0
7 20 763
8 11 140
9 10 0
9 17 623
10 18 623
11 19 700
12 16 0
12 21 763
13 23 581
14 25 441
15 24 0
15 26 429
16 20 327
17 26 169
18 26 181
19 26 192
20 26 189
21 26 201
22 26 163
23 26 175
24 26 143
25 26 155

1 1 
2 3 5 
9 27 28 29 30 31 32 33 34 35 
5 10 12 14 15 17 
2 25 26 
2 6 8 
5 18 19 21 22 23 

0 0
1 0
1 20
5 0
5 20
3 63
3 83
3 109
3 20
3 89
6 89
6 100
6 109
6 83
6 63
4 143
4 109
2 169
2 181
2 192
2 189
2 201
2 163
2 175
2 143
2 155
99 99
