33 51 7 2

0 2 0
0 1 0
1 5 0
1 11 0
2 4 0
2 3 0
3 9 0
3 23 0
4 8 0
4 7 0
5 6 0
5 15 0
6 14 0
7 12 0
7 11 0
8 10 0
9 16 0
9 17 0
10 16 0
11 13 0
11 23 0
12 20 0
13 26 4
14 18 0
14 26 0
15 26 0
16 21 0
17 19 0
17 24 15
18 29 0
19 31 0
19 32 25
20 22 0
21 30 0
21 32 52
22 28 0
22 32 63
23 27 0
23 32 36
24 25 0
24 32 57
25 32 0
25 32 70
26 32 56
27 32 49
28 32 0
28 32 76
29 32 0
29 32 72
30 32 65
31 32 38

7 1 22 31 34 36 38 40 
2 3 5 
4 7 9 11 24 
5 12 14 15 17 25 
4 18 20 21 28 
7 42 43 44 46 48 49 50 
3 26 29 32 

0 0
1 39
1 0
2 92
2 0
2 39
3 39
3 71
3 0
3 92
4 60
4 131
4 71
0 131
2 99
3 110
6 92
4 152
6 99
0 152
6 103
0 179
0 190
0 163
0 184
5 184
5 170
5 163
5 190
5 186
5 179
5 152
99 99
