27 38 7 2

0 1 0
0 8 0
1 3 0
1 2 0
2 6 0
2 9 0
3 5 0
3 4 0
4 22 0
4 19 0
5 18 0
5 24 0
6 10 0
6 7 0
7 21 0
7 20 0
8 12 0
8 11 0
9 23 0
9 20 0
10 25 0
10 13 0
11 15 0
12 14 0
13 17 24
14 16 0
14 26 54
15 26 51
16 26 0
17 26 6
18 26 0
19 26 320
20 26 384
21 26 176
22 26 208
23 26 272
24 26 112
25 26 64

1 1 
3 3 26 27 
4 5 7 15 17 
6 9 11 13 19 22 24 
2 21 23 
2 28 29 
8 30 31 32 33 34 35 36 37 

0 0
1 0
2 8
2 0
3 26
3 0
3 8
2 22
2 19
3 34
4 8
3 45
4 19
3 49
1 60
1 59
5 60
5 63
6 0
6 40
6 48
6 22
6 26
6 34
6 14
6 8
99 99
