37 56 7 2

0 2 0
0 1 0
1 15 0
1 10 0
2 3 0
2 5 0
3 4 0
3 9 0
4 8 0
5 7 0
5 6 0
6 22 0
6 19 0
7 12 0
7 13 0
8 28 0
8 25 0
9 11 0
9 20 0
10 27 0
11 21 0
11 14 0
12 14 0
13 24 0
14 23 0
14 24 0
15 16 49
16 18 0
16 17 32
17 36 47
18 35 0
18 36 70
19 34 0
19 36 37
20 33 0
20 36 36
21 32 0
21 36 28
22 31 0
22 36 29
23 30 0
23 36 45
24 29 0
24 36 53
25 26 0
25 36 20
26 36 52
27 36 47
28 36 44
29 36 85
30 36 77
31 36 61
32 36 60
33 36 68
34 36 69
35 36 102

1 1 
4 3 5 21 29 
10 46 47 48 49 50 51 52 53 54 55 
3 7 22 23 
3 8 10 26 
7 12 14 16 18 19 25 28 
8 31 33 35 37 39 41 43 45 

0 0
1 58
1 0
3 0
4 0
4 17
5 97
5 17
5 80
5 96
5 75
1 96
3 17
3 25
5 113
4 58
5 138
1 146
6 138
6 105
6 104
6 96
6 97
6 113
6 121
6 88
2 88
2 83
2 80
2 121
2 113
2 97
2 96
2 104
2 105
2 138
99 99
