33 48 7 2

0 2 0
0 1 0
1 6 0
1 5 0
2 4 0
2 3 0
3 14 0
3 13 0
4 12 0
4 11 0
5 10 0
5 9 0
6 8 0
6 7 0
7 23 0
8 19 0
8 29 0
9 20 0
9 15 0
10 17 0
10 21 0
11 25 0
12 16 0
12 22 0
13 26 0
14 18 0
14 27 0
15 24 0
15 32 0
16 31 0
17 32 25
18 32 15
19 30 10
20 32 0
21 28 0
21 32 0
22 32 75
23 32 55
24 32 70
25 32 45
26 32 60
27 32 90
28 32 100
29 32 85
30 32 0
30 32 54
31 32 0
31 32 48

1 1 
2 3 5 
4 7 9 11 13 
8 14 16 18 20 21 23 24 26 
8 29 30 31 32 36 41 42 43 
6 33 35 37 38 39 40 
3 28 45 47 

0 0
1 2
1 0
2 3
2 0
2 5
2 2
3 19
3 2
3 22
3 5
3 17
3 0
3 20
3 3
6 37
4 0
4 5
4 3
4 2
5 22
5 20
4 15
5 34
5 37
5 32
5 35
4 18
4 20
4 17
6 97
6 95
99 99
