25 37 7 2

0 2 0
0 1 0
1 5 0
1 8 0
2 3 0
3 4 0
3 11 0
4 9 0
4 10 336
5 7 0
5 6 258
6 16 0
6 24 274
7 18 86
8 15 102
9 14 168
10 13 0
10 24 254
11 22 0
11 12 184
12 23 0
12 24 292
13 21 0
13 24 254
14 20 0
14 24 276
15 19 0
15 24 210
16 17 0
16 24 274
17 24 274
18 24 194
19 24 210
20 24 276
21 24 254
22 24 184
23 24 292

2 1 8 
6 12 13 14 15 17 19 
5 21 23 25 27 29 
7 30 31 32 33 34 35 36 
1 4 
2 3 6 
1 10 

0 0
5 43
4 0
5 84
0 84
6 43
1 137
1 43
1 51
1 84
1 127
1 92
2 146
2 127
2 138
2 105
2 137
3 137
3 97
3 105
3 138
3 127
3 92
3 146
99 99
