32 46 7 2

0 1 0
0 2 0
1 6 0
2 4 0
2 3 18
3 10 0
3 30 0
4 5 0
4 9 162
5 8 0
5 17 54
6 7 0
6 26 74
7 13 0
7 11 60
8 14 16
9 12 0
9 27 92
10 23 144
11 21 0
11 20 324
12 19 276
13 18 222
14 16 0
14 15 327
15 31 0
15 31 189
16 29 0
16 22 109
17 28 0
17 23 98
18 31 154
19 31 172
20 31 0
20 31 188
21 25 0
21 24 108
22 31 327
23 31 294
24 31 324
25 31 234
26 31 222
27 31 276
28 31 204
29 31 237
30 31 156

1 1 
10 4 12 17 26 28 30 31 32 34 36 
2 2 8 
6 10 18 20 21 22 24 
2 6 14 
1 15 
9 37 38 39 40 41 42 43 44 45 

0 0
2 0
1 18
4 48
2 18
3 18
1 74
4 74
5 18
1 92
3 48
3 108
3 92
3 74
3 109
1 189
1 109
1 98
1 154
1 172
1 188
1 108
6 139
6 128
6 138
6 108
6 104
6 122
6 98
6 109
6 82
99 99
