40 61 7 2

0 1 0
0 2 0
1 3 0
1 5 0
2 4 0
2 6 0
3 8 0
3 13 0
4 15 0
4 9 33
5 7 0
5 14 9
6 12 0
6 11 42
7 10 0
7 26 9
8 27 0
9 36 0
9 39 108
10 20 12
11 30 0
11 39 120
12 19 0
12 23 56
13 18 0
13 25 64
14 17 0
14 35 76
15 16 0
15 24 44
16 20 33
17 37 0
17 24 57
18 21 48
19 22 42
20 34 0
20 39 56
21 31 0
21 39 61
22 33 0
22 39 59
23 32 0
23 39 67
24 29 0
24 39 64
25 28 0
25 39 69
26 39 98
27 39 108
28 39 140
29 39 130
30 39 60
31 39 124
32 39 136
33 39 120
34 39 114
35 38 0
35 39 146
36 39 54
37 39 38
38 39 72

1 1 
2 3 5 
4 7 9 11 13 
7 36 38 40 42 44 46 60 
5 15 30 32 33 34 
8 16 18 19 21 23 25 27 29 
12 47 48 49 50 51 52 53 54 55 57 58 59 

0 0
1 0
1 11
2 0
2 11
2 3
2 14
4 3
5 0
5 27
5 3
5 30
5 14
5 16
5 19
5 11
4 11
4 19
4 16
4 14
3 57
3 62
3 60
3 68
3 65
3 70
6 49
6 54
6 70
6 65
6 30
6 62
6 68
6 60
6 57
6 73
6 27
6 19
3 73
99 99
