32 43 7 2

0 2 0
0 1 0
1 6 0
1 5 0
2 4 0
2 3 0
3 14 0
3 13 0
4 10 0
4 9 0
5 26 0
5 28 0
6 8 0
6 7 0
7 15 0
7 20 0
8 16 0
8 29 0
9 17 0
9 12 0
10 11 0
11 30 0
12 19 0
12 23 0
13 24 0
14 21 0
15 25 0
16 22 0
17 18 0
18 31 0
19 31 0
20 27 0
20 31 0
21 31 0
22 31 0
23 31 18
24 31 10
25 31 12
26 31 70
27 31 90
28 31 82
29 31 78
30 31 6

1 1 
2 3 5 
4 7 9 11 13 
5 15 17 19 20 29 
5 21 23 24 25 32 
5 26 27 28 30 33 
9 34 35 36 37 38 39 40 41 42 

0 0
1 49
1 0
2 95
2 0
2 144
2 49
3 55
3 49
3 6
3 0
4 99
4 105
4 101
4 95
5 55
5 49
5 6
3 66
5 105
4 154
5 108
6 109
6 118
6 114
6 115
6 144
6 154
6 150
6 148
6 112
99 99
