37 55 7 2

0 1 0
0 6 0
1 4 0
1 2 0
2 3 0
2 7 0
3 5 0
3 16 50
4 11 0
5 13 0
5 8 0
6 10 0
7 9 0
7 27 0
8 18 0
9 18 0
10 14 0
10 23 0
11 12 0
11 29 0
12 15 0
12 19 9
13 22 72
14 20 0
15 21 0
16 17 0
16 25 0
17 26 0
17 24 0
18 28 0
18 33 0
19 30 0
19 36 0
20 31 0
20 36 0
21 32 0
21 36 0
22 33 0
22 36 0
23 36 0
24 35 0
24 36 0
25 34 0
25 36 0
26 36 0
27 36 0
28 36 0
29 36 0
30 36 0
31 36 0
32 36 0
33 36 0
34 36 0
34 36 8
35 36 18

2 1 7 
1 3 
2 8 22 
4 5 11 14 21 
6 10 15 23 24 26 54 
10 13 17 19 28 30 32 34 36 38 53 
11 39 41 43 44 45 46 47 48 49 50 51 

0 0
1 0
3 39
0 39
2 0
4 39
3 53
5 66
3 74
4 66
5 80
5 84
3 84
2 39
4 80
4 84
4 92
5 92
5 101
5 111
5 115
5 119
5 123
6 102
6 114
6 127
6 92
6 88
6 101
6 106
6 111
6 115
6 119
6 123
5 127
4 114
99 99
