52 82 7 2

0 1 0
0 2 0
1 7 0
1 4 0
2 3 0
2 9 0
3 8 0
3 10 63
4 5 0
4 10 39
5 6 0
5 22 10
6 15 0
6 16 0
7 11 0
8 23 0
8 27 0
9 13 0
10 14 0
10 12 28
11 25 0
11 28 248
12 17 0
12 51 316
13 51 272
14 21 0
14 30 168
15 20 0
15 19 72
16 18 0
16 34 220
17 33 0
17 51 550
18 32 0
18 51 430
19 31 0
19 51 610
20 26 245
21 29 0
21 28 365
22 49 0
22 51 435
23 24 120
24 50 0
24 46 146
25 48 0
25 40 98
26 47 0
26 51 196
27 45 106
28 51 0
28 51 244
29 39 58
30 44 0
30 51 204
31 43 0
31 35 156
32 42 0
32 41 84
33 38 0
33 37 132
34 36 0
34 51 230
35 51 0
35 51 310
36 51 0
36 51 308
37 51 286
38 51 210
39 51 212
40 51 252
41 51 238
42 51 162
43 51 234
44 51 282
45 51 260
46 51 0
46 51 300
47 51 274
48 51 176
49 51 164
50 51 224

2 1 9 
2 3 7 
13 5 11 44 46 48 49 51 52 54 56 58 60 62 
16 64 66 67 68 69 70 71 72 73 74 75 77 78 79 80 81 
8 14 32 34 36 37 39 41 42 
7 16 21 23 24 26 28 30 
3 13 17 19 

0 0
1 0
2 24
1 24
0 49
2 49
6 49
4 0
5 24
6 62
6 73
5 93
5 110
5 99
5 73
5 49
5 86
4 110
4 86
4 122
4 49
4 73
4 87
4 24
2 117
2 93
2 142
2 97
2 166
2 73
2 146
2 122
2 86
2 110
2 159
3 160
3 159
3 148
3 110
3 111
3 131
3 124
3 86
3 122
3 146
3 135
3 155
3 142
3 93
3 87
3 117
99 99
