32 50 7 2

0 1 0
0 5 0
1 2 0
1 6 0
2 3 0
2 4 0
3 8 0
4 11 0
5 7 0
5 19 0
6 11 0
7 10 35
8 9 0
8 13 36
9 17 0
10 24 0
10 16 0
11 18 0
11 12 0
12 29 0
12 28 0
13 14 0
13 26 0
14 25 0
14 15 0
15 31 0
15 31 0
16 31 0
16 31 0
17 27 0
17 30 0
18 20 0
18 23 58
19 22 56
20 21 122
21 31 0
21 31 0
22 31 0
22 31 0
23 31 0
23 31 0
24 31 92
25 31 146
26 31 151
27 31 0
27 31 169
28 31 160
29 31 155
30 31 0
30 31 174

8 1 34 42 43 45 46 47 49 
1 6 
3 3 7 11 
4 5 9 10 13 
4 14 32 33 41 
3 16 18 24 
8 20 22 26 28 30 36 38 40 

0 0
2 0
3 0
1 0
2 57
3 74
3 75
2 74
3 99
4 99
5 149
5 132
6 165
6 156
5 156
6 189
6 182
6 179
4 132
4 131
0 132
6 206
6 211
6 212
4 149
0 156
0 161
0 179
0 170
0 165
0 184
99 99
