28 43 7 2

0 1 0
0 2 0
1 4 0
2 3 0
2 9 93
3 6 0
3 10 273
4 5 0
4 12 138
5 11 0
5 8 216
6 7 156
7 19 0
7 27 87
8 18 0
8 27 102
9 16 67
10 17 0
10 27 93
11 15 54
12 14 0
12 13 82
13 20 0
13 27 141
14 26 0
14 27 82
15 24 0
15 27 113
16 25 0
16 27 126
17 21 0
17 27 93
18 23 0
18 27 102
19 22 0
19 27 87
20 27 141
21 27 93
22 27 87
23 27 102
24 27 113
25 27 126
26 27 82

2 4 8 
1 1 
2 10 11 
2 2 6 
6 13 15 16 18 19 21 
7 23 25 27 29 31 33 35 
7 36 37 38 39 40 41 42 

1 0
3 0
0 39
3 39
0 54
2 54
2 39
4 87
4 102
4 67
4 93
4 54
4 82
5 141
5 82
5 113
5 126
5 93
5 102
5 87
6 141
6 93
6 87
6 102
6 113
6 126
6 82
99 99
