25 35 7 2

0 1 0
0 2 0
1 4 0
1 6 0
2 5 0
2 3 40
3 7 0
3 18 7
4 9 0
5 8 0
5 11 72
6 13 174
7 12 222
8 10 48
9 14 34
10 17 0
10 16 49
11 15 42
12 24 78
13 19 0
13 24 100
14 23 0
14 24 76
15 22 0
15 24 84
16 21 0
16 24 91
17 20 0
17 24 79
18 19 49
19 24 100
20 24 79
21 24 91
22 24 84
23 24 76

1 1 
2 3 5 
5 7 14 16 17 18 
6 20 22 24 26 28 29 
5 30 31 32 33 34 
2 8 10 
3 11 12 13 

0 0
1 0
1 8
2 37
5 0
5 8
6 29
6 37
6 8
2 64
2 79
2 72
2 108
3 100
3 76
3 84
3 91
3 79
3 49
4 100
4 79
4 91
4 84
4 76
99 99
