50 77 7 2

0 1 0
0 6 0
1 2 0
1 12 0
2 3 0
2 6 0
3 4 0
3 7 0
4 5 0
4 7 0
5 48 0
6 10 0
6 9 216
7 8 0
7 29 81
8 16 0
8 15 54
9 15 0
9 19 288
10 14 0
10 13 144
11 13 0
11 26 264
12 23 0
12 22 54
13 20 0
13 26 246
14 21 0
14 20 126
15 17 0
15 19 270
16 18 0
16 17 36
17 31 145
18 29 45
19 28 0
19 32 340
20 25 0
20 28 220
21 27 120
22 26 145
23 25 45
24 40 0
24 37 300
25 40 54
26 38 0
26 39 94
27 38 84
28 35 0
28 37 124
29 35 54
30 44 6
31 34 0
31 33 94
32 49 0
32 49 68
33 49 0
33 49 45
34 49 29
35 49 25
36 49 9
37 47 0
37 49 60
38 49 40
39 49 0
39 49 45
40 49 25
41 49 180
42 49 132
43 49 180
44 49 132
45 49 126
46 49 36
47 49 0
47 49 156
48 49 0
48 49 75

5 16 18 20 22 24 
8 44 46 47 49 50 51 53 74 
11 1 26 28 30 32 67 68 69 70 71 72 
3 5 12 14 
9 7 33 34 36 38 39 40 41 43 
12 3 9 55 57 58 59 60 62 63 65 66 76 
1 10 

2 0
5 0
3 0
4 0
5 0
6 0
3 24
3 9
0 9
0 48
0 24
0 44
0 9
2 44
2 24
2 48
2 9
4 29
4 9
4 68
4 44
4 24
4 29
4 9
4 60
1 33
1 53
1 48
1 68
1 33
1 9
1 53
5 92
5 69
5 53
5 49
5 33
5 84
5 64
5 69
5 49
2 33
2 25
2 33
2 25
2 24
2 9
1 84
5 99
99 99
