34 49 7 2

0 1 0
0 4 0
1 2 0
1 3 0
2 13 0
3 6 0
3 12 0
4 5 0
4 18 0
5 8 0
5 17 0
6 7 0
6 16 0
7 14 0
7 10 120
8 9 0
8 11 88
9 26 0
10 27 0
10 33 66
11 15 0
11 25 34
12 21 2
13 32 0
14 22 0
15 33 0
16 19 0
16 20 0
17 33 12
18 23 6
19 33 108
20 33 300
21 28 0
21 33 270
22 24 0
22 33 296
23 31 0
23 33 338
24 30 0
24 33 84
25 33 96
26 33 20
27 29 8
28 33 32
29 33 0
29 33 170
30 33 104
31 33 146
32 33 122

1 1 
1 3 
7 4 14 16 31 33 35 37 
2 6 8 
9 10 12 19 21 22 45 46 47 48 
6 17 23 24 28 29 30 
7 25 27 39 40 41 42 43 

0 0
1 0
2 0
3 60
3 44
4 44
4 60
2 60
2 44
5 44
4 129
4 113
4 97
5 69
5 60
6 113
6 98
5 82
5 81
5 98
2 150
2 135
2 148
2 169
6 148
6 151
6 132
6 129
6 135
4 181
4 148
4 169
4 157
99 99
