25 36 7 2

0 1 0
0 2 0
1 3 0
1 5 0
2 4 0
2 9 140
3 8 0
4 7 0
4 10 160
5 6 0
5 12 328
6 11 164
7 15 80
8 17 156
9 16 122
10 14 196
11 13 0
11 24 250
12 23 0
12 24 238
13 22 0
13 24 250
14 21 0
14 24 338
15 20 0
15 24 208
16 19 0
16 24 264
17 18 0
17 24 298
18 24 298
19 24 264
20 24 208
21 24 338
22 24 250
23 24 238

1 1 
2 3 5 
4 13 14 15 17 
3 6 8 10 
2 11 12 
6 19 21 23 25 27 29 
6 30 31 32 33 34 35 

0 0
1 0
1 20
3 0
3 20
3 41
4 41
4 20
2 78
2 61
2 98
2 125
5 119
5 125
5 169
5 104
5 132
5 149
6 149
6 132
6 104
6 169
6 125
6 119
99 99
