31 47 7 2

0 2 0
0 1 0
1 7 0
1 4 0
2 3 0
2 8 0
3 6 0
3 9 0
4 10 0
4 5 0
5 19 0
6 11 0
7 13 0
8 14 0
9 14 0
10 12 0
11 15 0
11 20 0
12 21 0
12 30 0
13 18 0
13 23 0
14 17 0
14 24 0
15 16 0
15 25 0
16 29 0
17 27 0
18 22 0
19 25 0
20 26 12
21 28 30
22 30 0
22 30 21
23 30 0
23 30 13
24 30 0
24 30 7
25 30 0
25 30 10
26 30 0
26 30 24
27 30 0
27 30 15
28 30 0
28 30 27
29 30 18

1 1 
1 11 
4 3 5 14 17 
4 7 12 13 15 
10 9 19 33 35 37 39 41 43 45 46 
6 10 21 23 25 30 31 
4 26 27 28 29 

0 0
2 20
2 0
3 0
4 34
5 55
1 0
3 20
3 14
2 75
3 34
2 92
4 109
5 95
5 89
5 92
6 92
6 89
6 95
6 84
5 106
5 109
4 132
4 124
4 118
4 121
4 135
4 126
4 138
4 129
99 99
