34 48 7 2

0 2 0
0 1 0
1 4 0
1 11 0
2 3 0
2 10 0
3 7 0
4 5 0
4 6 0
5 24 0
6 9 0
6 21 0
7 8 0
7 20 0
8 13 0
8 15 0
9 12 0
9 18 0
10 14 0
10 15 0
11 18 0
12 17 0
13 16 0
14 22 0
14 19 54
15 31 0
15 25 0
16 32 0
16 26 0
17 30 0
17 28 0
18 29 0
18 27 0
19 33 126
20 33 94
21 23 0
21 33 104
22 33 0
23 33 8
24 33 4
25 33 192
26 33 186
27 33 202
28 33 196
29 33 158
30 33 152
31 33 148
32 33 142

10 34 36 40 41 42 43 44 45 46 47 
1 1 
4 3 5 15 17 
4 6 8 19 20 
4 9 21 22 24 
7 11 13 26 28 30 32 33 
3 37 38 39 

1 0
2 5
2 0
3 0
3 5
4 5
5 30
5 25
2 25
2 30
3 49
3 54
4 30
4 25
4 49
5 74
5 71
5 76
5 79
5 95
0 47
0 52
6 49
6 52
6 51
0 96
0 93
0 101
0 98
0 79
0 76
0 74
0 71
99 99
