45 71 7 2

0 2 0
0 1 0
1 3 0
1 18 0
2 5 0
3 9 0
3 4 40
4 8 0
4 11 0
5 7 0
5 6 0
6 16 0
6 33 0
7 17 0
7 32 0
8 14 0
8 31 0
9 10 16
10 13 0
10 12 0
11 15 0
11 30 0
12 43 0
12 37 0
13 42 0
13 41 0
14 29 0
14 21 94
15 27 0
15 20 114
16 28 0
16 22 98
17 25 0
17 26 78
18 19 0
18 24 36
19 23 0
20 44 0
20 44 0
21 44 0
21 44 0
22 44 0
23 44 0
23 44 0
24 44 0
24 44 0
25 44 12
26 44 0
27 40 0
27 44 84
28 39 0
28 44 52
29 38 0
29 44 44
30 36 0
30 44 96
31 35 0
31 44 56
32 44 24
33 34 0
33 44 64
34 44 104
35 44 100
36 44 120
37 44 158
38 44 94
39 44 98
40 44 114
41 44 138
42 44 132
43 44 152

1 1 
2 4 6 
4 17 27 29 31 
4 3 8 10 19 
12 33 35 61 62 63 64 65 66 67 68 69 70 
9 36 46 49 51 53 55 57 58 60 
12 12 14 16 21 23 25 38 40 41 43 45 47 

0 0
3 8
1 0
1 8
3 47
3 39
6 49
6 39
6 47
2 8
3 66
6 57
6 76
6 66
2 47
2 57
2 49
4 39
4 18
5 18
6 115
6 105
6 107
6 109
6 104
5 39
6 125
5 57
5 49
5 47
5 60
5 50
5 42
5 52
4 52
4 50
4 60
4 79
4 47
4 49
4 57
4 69
4 66
4 76
99 99
