34 43 7 2

0 1 0
0 4 0
1 2 0
1 5 0
2 6 0
3 18 0
3 9 372
4 8 300
5 15 0
6 10 0
6 15 0
7 13 0
8 14 672
9 12 0
9 20 744
10 19 0
10 29 0
11 22 0
12 17 0
12 23 172
13 24 0
14 33 795
15 33 312
16 33 120
17 33 564
18 33 300
19 21 45
20 28 0
20 33 831
21 30 0
21 33 0
22 33 0
23 33 88
24 33 0
25 33 0
26 33 0
27 33 15
28 33 202
29 33 0
30 33 39
31 33 25
32 33 0
32 33 205

7 21 22 23 24 25 26 28 
1 8 
10 16 33 34 35 36 37 38 39 40 42 
3 1 6 7 
3 3 17 19 
3 10 12 14 
6 4 11 20 30 31 32 

3 0
4 0
6 0
3 100
3 88
1 25
5 15
6 25
5 176
5 188
2 15
4 65
4 188
6 40
0 265
0 104
0 40
0 188
0 100
0 15
0 277
6 114
6 90
6 213
2 55
2 40
2 75
2 90
2 277
2 65
2 114
2 100
2 280
99 99
