33 46 7 2

0 2 0
0 1 0
1 6 0
1 19 0
2 3 0
2 5 0
3 4 0
3 18 0
4 7 0
4 8 0
5 20 0
6 9 0
6 10 0
7 29 0
8 13 0
8 26 0
9 12 0
9 31 0
10 11 0
10 30 0
11 15 0
11 22 0
12 14 0
12 17 0
13 25 0
14 16 0
15 21 0
16 28 0
16 21 0
17 22 0
18 27 0
18 25 0
19 23 0
20 32 5
21 24 0
21 32 10
22 32 11
23 32 23
24 32 184
25 32 174
26 32 106
27 32 158
28 32 168
29 32 90
30 32 116
31 32 100

1 1 
2 3 5 
10 21 23 38 39 40 41 42 43 44 45 
4 7 24 25 26 
6 9 10 12 28 29 31 
3 35 36 37 
6 13 15 17 19 32 33 

0 0
1 5
1 0
3 0
4 0
4 55
4 5
6 0
6 8
6 5
6 13
2 13
2 5
3 8
3 5
3 13
4 99
4 100
4 94
6 60
6 63
5 107
5 108
5 120
2 107
2 102
2 68
2 94
2 99
2 60
2 73
2 65
99 99
