34 51 7 2

0 1 0
0 4 0
1 2 0
1 5 0
2 3 0
3 23 0
3 17 0
4 6 0
4 9 0
5 13 0
5 22 0
6 7 0
6 12 0
7 8 0
7 11 0
8 19 0
9 10 0
9 18 0
10 15 0
11 14 0
11 15 0
12 29 0
12 26 0
13 24 0
13 32 72
14 30 0
14 33 400
15 28 0
15 33 435
16 27 0
16 33 470
17 25 0
17 33 255
18 21 0
18 33 375
19 20 0
19 33 340
20 33 300
21 33 335
22 33 210
23 33 180
24 33 175
25 33 215
26 33 390
27 31 0
27 33 430
28 33 395
29 33 355
30 33 360
31 33 126
32 33 170

1 1 
8 3 12 26 28 30 32 34 36 
2 49 50 
3 4 14 18 
11 37 38 39 40 41 42 43 45 46 47 48 
5 6 8 10 20 22 
3 15 17 24 

0 0
1 0
3 0
5 85
5 36
5 84
1 36
3 36
6 36
6 43
3 43
5 121
5 120
6 84
1 121
1 128
1 135
1 92
1 116
1 109
4 109
4 116
4 91
4 85
4 84
4 92
4 127
4 135
4 128
4 120
4 121
2 135
2 157
99 99
