39 59 7 2

0 2 0
0 1 0
1 4 0
1 8 0
2 3 0
2 9 0
3 5 0
3 11 0
4 6 0
4 14 0
5 7 0
5 13 0
6 10 0
6 12 0
7 26 0
8 18 0
9 17 0
10 25 0
11 36 0
12 23 0
12 16 0
13 24 0
13 15 0
14 37 0
15 22 0
15 38 0
16 21 0
16 38 0
17 20 0
17 38 0
18 19 0
18 38 0
19 33 0
19 38 0
20 32 0
20 38 0
21 31 0
21 38 0
22 30 0
22 38 0
23 29 0
23 38 0
24 28 0
24 35 0
25 34 0
25 38 0
26 27 0
26 38 0
27 38 0
28 38 0
29 38 0
30 38 0
31 38 0
32 38 0
33 38 0
34 38 0
35 38 34
36 38 0
37 38 0

1 1 
2 11 13 
4 3 5 20 22 
4 14 15 16 17 
7 7 9 25 27 29 31 56 
10 18 23 33 35 37 39 41 43 45 47 
10 48 49 50 51 52 53 54 55 57 58 

0 0
2 4
2 0
4 0
4 4
1 0
1 4
3 0
3 16
3 12
3 4
5 56
2 80
2 76
5 60
4 88
4 92
4 94
4 98
5 98
5 94
5 92
5 88
5 80
5 76
5 86
5 82
6 82
6 76
6 80
6 88
6 92
6 94
6 98
6 86
4 140
6 120
6 124
99 99
