35 48 7 2

0 1 0
0 2 0
1 3 0
1 4 0
2 8 0
2 6 0
3 7 0
3 5 0
4 10 44
5 14 0
5 17 0
6 15 0
6 21 0
7 13 0
8 9 0
8 12 136
9 16 0
9 11 20
10 18 0
11 25 28
12 29 0
12 32 44
13 30 20
14 20 0
14 34 232
15 19 0
15 34 228
16 33 160
17 31 0
17 22 100
18 28 0
18 34 134
19 27 54
20 26 56
21 24 0
21 23 98
22 34 134
23 34 133
24 34 79
25 34 116
26 34 112
27 34 111
28 34 97
29 34 98
30 34 114
31 34 80
32 34 120
33 34 132

1 1 
2 3 5 
3 7 8 15 
6 17 29 31 32 33 35 
4 13 24 26 27 
12 36 37 38 39 40 41 42 43 44 45 46 47 
6 10 12 18 19 21 22 

0 0
1 0
1 40
2 0
2 17
6 58
6 57
4 0
2 40
3 40
6 75
6 94
6 98
6 92
4 58
4 57
4 40
3 80
3 97
3 57
3 58
3 79
5 134
5 133
5 79
5 116
5 112
5 111
5 97
5 98
5 114
5 80
5 120
5 132
99 99
