44 71 7 2

0 2 0
0 1 0
1 8 0
1 7 348
2 3 0
2 4 0
3 5 0
3 9 0
4 6 0
4 10 378
5 13 0
6 14 76
7 12 0
7 29 242
8 11 0
8 28 116
9 21 0
9 34 0
10 22 0
10 25 441
11 24 0
11 17 0
12 23 0
12 18 406
13 15 0
13 33 161
14 16 0
14 32 406
15 20 0
15 31 122
16 19 0
16 30 192
17 41 0
17 43 176
18 42 0
18 43 302
19 43 242
20 43 172
21 43 126
22 43 252
23 27 242
24 26 116
25 36 0
25 43 282
26 43 0
26 43 60
27 43 0
27 43 438
28 39 0
28 43 60
29 40 0
29 43 438
30 43 0
30 43 270
31 43 0
31 43 60
32 43 0
32 43 252
33 35 0
33 43 42
34 38 0
34 43 0
35 37 0
35 43 232
36 43 362
37 43 282
38 43 236
39 43 288
40 43 414
41 43 226
42 43 352

0 
0 
4 3 5 7 9 
7 1 11 29 31 33 35 63 
16 10 13 15 36 37 38 39 40 41 64 65 66 67 68 69 70 
6 17 19 21 23 25 27 
10 43 45 47 49 51 53 55 57 59 61 

3 0
2 58
2 0
2 0
2 63
4 0
3 63
4 121
4 58
5 63
5 126
5 58
5 121
5 86
5 121
3 86
3 121
3 113
3 176
4 121
4 86
4 63
4 126
4 121
4 58
6 181
6 144
6 207
6 144
6 207
6 179
6 144
6 176
6 141
6 118
3 141
4 181
4 141
4 118
4 144
4 207
4 113
4 176
99 99
