49 74 7 2

0 1 0
0 2 0
1 5 0
1 3 0
2 10 0
2 4 0
3 13 0
3 7 344
4 9 0
4 11 11
5 6 0
5 41 0
6 8 0
7 12 0
7 11 62
8 22 0
8 14 29
9 21 0
9 20 260
10 19 0
10 18 255
11 17 0
11 37 475
12 16 0
12 36 470
13 15 0
13 14 185
14 35 0
14 34 238
15 33 86
16 32 0
16 31 200
17 30 0
17 29 202
18 28 0
18 48 266
19 27 114
20 26 0
20 48 268
21 25 116
22 24 0
22 23 152
23 48 0
23 48 116
24 47 0
24 46 35
25 48 98
26 38 0
26 48 93
27 48 97
28 45 0
28 48 92
29 48 141
30 43 60
31 48 140
32 42 59
33 40 0
33 48 83
34 48 0
34 48 159
35 39 0
35 38 78
36 48 135
37 48 136
38 48 324
39 48 238
40 48 248
41 48 162
42 48 286
43 48 288
44 48 174
45 48 266
46 48 238
47 48 152

2 1 7 
2 9 16 
2 5 14 
10 11 28 29 31 33 35 36 38 39 41 
6 12 18 20 22 24 26 
16 3 43 45 46 48 49 51 52 53 54 55 57 59 61 62 63 
10 64 65 66 67 68 69 70 71 72 73 

0 0
5 0
2 57
0 43
1 58
3 0
4 0
2 100
1 76
4 58
4 57
4 101
4 100
4 43
3 119
3 43
3 100
3 101
3 133
3 57
3 134
3 58
3 76
5 157
5 76
5 139
5 134
5 138
5 133
5 182
5 101
5 181
5 100
5 124
5 200
5 119
5 176
5 177
6 162
6 119
6 124
6 81
6 143
6 144
6 87
6 133
6 119
6 76
99 99
