34 52 7 2

0 1 0
0 4 0
1 2 0
1 3 0
2 6 0
3 7 0
3 6 0
4 10 0
4 5 24
5 9 0
5 25 0
6 21 0
6 22 0
7 8 70
8 13 0
8 20 0
9 26 0
9 18 96
10 11 0
10 12 36
11 14 126
12 17 0
13 19 0
13 16 0
14 15 0
15 33 0
16 33 0
16 33 0
17 31 0
17 33 0
18 32 0
18 31 0
19 27 0
19 33 330
20 28 0
20 33 336
21 24 0
21 33 270
22 23 0
22 33 276
23 30 0
23 33 504
24 29 0
24 33 497
25 33 301
26 33 294
27 33 420
28 33 426
29 33 360
30 33 366
31 33 36
32 33 30

1 1 
2 3 8 
6 4 13 41 43 44 45 
6 6 20 46 47 48 49 
6 17 19 33 35 37 39 
5 21 23 24 50 51 
7 10 12 15 25 27 29 31 

0 0
1 0
2 0
3 10
1 32
6 42
6 71
2 10
6 81
4 42
4 32
3 32
5 89
5 81
5 93
6 104
6 92
6 100
6 99
4 81
4 82
4 71
4 72
2 72
2 71
2 43
2 42
3 81
3 82
3 71
3 72
5 100
5 99
99 99
