46 71 7 2

0 2 0
0 1 0
1 11 0
1 12 0
2 4 0
2 3 0
3 7 0
3 21 0
4 6 0
4 5 0
5 20 0
5 21 0
6 8 0
7 9 7
8 10 0
8 9 0
9 22 0
9 43 0
10 13 0
10 44 0
11 14 0
11 16 189
12 15 0
12 18 196
13 24 0
13 26 284
14 19 0
15 17 0
16 42 0
16 41 0
17 37 0
17 35 0
18 40 0
18 39 0
19 36 0
19 38 0
20 28 42
21 27 49
22 23 0
22 25 288
23 30 0
23 45 62
24 29 0
24 45 61
25 34 0
25 32 0
26 31 0
26 33 0
27 45 0
28 45 0
29 45 112
30 45 119
31 45 0
31 45 106
32 45 0
32 45 113
33 45 0
33 45 112
34 45 0
34 45 107
35 45 101
36 45 94
37 45 95
38 45 100
39 45 0
39 45 103
40 45 97
41 45 102
42 45 96
43 45 68
44 45 67

3 1 25 39 
16 41 43 53 55 57 59 60 61 62 63 65 66 67 68 69 70 
2 12 13 
4 7 9 21 23 
4 3 5 11 15 
6 26 27 36 37 50 51 
10 17 19 29 31 33 35 45 47 48 49 

0 0
4 45
4 0
3 1
3 0
4 63
2 0
2 1
4 73
6 74
6 73
3 45
3 46
0 73
5 45
5 46
6 108
6 107
6 109
6 106
5 63
5 64
0 74
1 74
1 73
6 119
6 118
6 125
6 124
5 73
5 74
1 118
1 125
1 124
1 119
1 113
1 106
1 107
1 112
1 115
1 109
1 114
1 108
1 80
1 79
99 99
