40 61 7 2

0 2 0
0 1 0
1 6 0
1 5 0
2 4 0
2 3 0
3 11 0
3 10 0
4 9 0
4 8 0
5 12 0
6 19 0
6 7 0
7 22 0
7 21 0
8 18 0
8 38 0
9 13 0
9 17 0
10 38 0
10 20 0
11 17 0
11 16 0
12 21 0
12 24 0
13 14 0
13 15 0
14 29 0
15 23 0
15 27 0
16 25 0
17 28 0
18 26 4
19 39 24
20 37 0
20 39 5
21 36 0
21 39 21
22 35 0
22 39 12
23 39 35
24 34 0
24 39 30
25 33 0
25 39 59
26 32 0
26 39 61
27 39 44
28 31 0
28 39 50
29 30 0
29 39 41
30 39 74
31 39 83
32 39 94
33 39 92
34 39 63
35 39 45
36 39 54
37 39 38
38 39 29

1 1 
2 3 5 
4 7 9 10 12 
10 26 52 53 54 55 56 57 58 59 60 
7 14 16 18 20 22 24 29 
5 27 30 31 32 33 
10 35 37 39 40 42 44 46 47 49 51 

0 0
1 25
1 0
2 9
2 0
2 34
2 25
4 45
4 20
4 0
4 29
4 9
4 54
3 0
5 0
4 68
5 18
5 9
5 20
5 25
6 38
6 54
6 45
6 68
6 63
6 92
6 94
6 77
6 83
6 74
3 74
3 83
3 94
3 92
3 63
3 45
3 54
3 38
3 29
99 99
