39 54 7 2

0 1 0
0 3 0
1 2 0
1 8 0
2 4 0
2 5 0
3 10 0
3 6 0
4 14 0
5 15 0
5 7 0
6 18 0
7 9 0
7 21 0
8 13 140
9 16 0
9 11 48
10 12 0
11 29 0
11 30 0
12 28 0
12 27 0
13 30 0
13 31 14
14 23 0
14 32 0
15 17 0
16 19 0
16 37 0
17 26 0
17 25 0
18 38 30
19 38 120
20 38 20
21 24 0
21 38 130
22 38 0
23 38 52
24 36 0
25 35 0
25 38 84
26 34 0
26 38 76
27 38 44
28 38 36
29 38 28
30 38 164
31 38 172
32 38 60
33 38 68
34 38 120
35 38 124
36 38 134
37 38 130

5 16 50 51 52 53 
1 3 
2 5 10 
6 8 14 31 32 33 35 
3 17 26 36 
9 1 7 11 13 19 21 23 25 30 
12 28 37 38 40 42 43 44 45 46 47 48 49 

5 0
1 0
2 0
5 2
3 0
2 12
5 4
5 24
3 28
0 24
4 2
5 48
5 50
5 82
5 54
4 12
6 24
5 60
3 6
3 24
3 4
3 26
4 4
6 54
6 26
6 62
6 60
6 52
6 50
6 48
6 82
6 84
6 56
6 58
0 60
0 62
0 67
0 65
99 99
