37 59 7 2

0 1 0
0 6 0
1 3 0
1 2 0
2 5 0
2 11 0
3 7 0
3 4 0
4 14 0
4 8 0
5 10 0
6 9 0
6 23 0
7 13 0
8 19 0
8 31 0
9 17 0
9 12 0
10 31 0
11 34 0
11 31 0
12 15 0
12 30 0
13 21 0
14 21 0
15 33 0
15 16 0
16 32 0
16 35 0
17 18 0
17 20 0
18 25 10
19 22 0
19 24 0
20 36 0
20 36 0
21 36 0
21 36 0
22 29 6
23 26 0
23 28 0
24 36 0
24 36 0
25 36 0
25 36 0
26 27 21
27 36 0
27 36 0
28 36 0
28 36 0
29 36 0
29 36 0
30 36 41
31 36 45
32 36 50
33 36 34
34 36 29
35 36 0
35 36 57

1 1 
3 3 15 17 
5 5 7 18 23 31 
5 9 10 12 20 26 
5 13 24 30 38 45 
8 33 40 52 53 54 55 56 58 
9 22 28 35 37 42 44 47 49 51 

0 0
1 0
2 54
2 0
3 91
3 54
3 96
4 0
1 107
1 96
2 70
3 145
6 150
2 88
4 91
3 150
6 166
4 96
2 96
5 107
6 184
6 179
4 107
5 112
6 189
6 187
4 112
6 200
6 194
6 195
5 157
5 161
5 166
5 150
5 145
5 173
99 99
