36 58 7 2

0 2 0
0 1 0
1 4 0
1 8 0
2 6 0
2 3 0
3 7 0
4 22 0
4 5 0
5 11 0
5 12 0
6 17 0
6 16 0
7 33 0
7 34 0
8 10 0
8 9 0
9 14 0
9 28 0
10 13 0
10 24 0
11 26 0
11 15 0
12 27 0
12 23 0
13 20 0
13 15 0
14 19 0
14 23 0
15 18 0
15 23 0
16 32 0
17 21 0
18 35 0
18 35 0
19 35 0
20 35 0
21 31 0
21 32 0
22 25 48
23 35 0
23 35 0
24 35 0
25 29 0
25 30 0
26 35 0
27 35 0
28 35 0
29 35 0
29 35 0
30 35 0
30 35 0
31 35 0
31 35 0
32 35 0
32 35 0
33 35 49
34 35 56

1 1 
4 3 5 22 24 
4 6 8 26 28 
3 31 32 39 
7 10 12 14 16 30 38 44 
8 18 20 34 41 49 51 53 55 
8 35 36 42 45 46 47 56 57 

0 0
1 9
1 0
2 23
2 9
4 60
4 0
4 74
4 32
5 33
5 32
1 60
1 61
2 32
2 33
4 83
3 1
3 0
5 83
6 33
6 32
4 99
3 9
5 84
6 49
4 108
6 60
6 61
6 50
5 108
5 109
5 99
5 100
6 74
6 75
99 99
