29 40 7 2

0 1 0
0 5 0
1 2 0
1 3 0
2 4 0
3 7 0
3 6 0
4 8 0
4 15 0
5 9 0
5 16 0
6 19 0
6 18 0
7 14 0
8 11 0
8 13 0
9 10 0
9 12 0
10 27 0
11 26 0
12 22 0
12 24 0
13 20 0
13 25 0
14 17 0
14 21 0
15 28 0
16 28 0
17 23 0
17 28 0
18 28 0
19 28 0
20 28 0
21 28 0
22 28 0
23 28 48
24 28 0
25 28 0
26 28 0
27 28 0

1 1 
1 3 
2 4 13 
3 6 15 17 
6 8 10 12 21 23 25 
7 18 19 26 27 30 31 35 
8 29 32 33 34 36 37 38 39 

0 0
1 0
2 0
3 52
4 82
4 86
4 112
2 52
3 82
3 86
5 86
5 82
4 146
4 142
4 134
5 98
5 102
6 134
5 128
5 112
6 142
6 150
6 146
5 134
6 162
6 158
6 168
6 172
99 99
