34 49 7 2

0 1 0
0 7 0
1 2 0
1 4 0
2 3 0
3 5 0
3 14 0
4 6 0
4 11 0
5 13 0
5 9 0
6 10 0
6 9 0
7 8 0
7 15 0
8 14 0
8 12 4
9 15 0
9 19 0
10 21 0
11 20 0
12 19 0
12 18 0
13 31 77
14 16 0
14 27 75
15 28 87
16 17 105
17 25 0
17 33 210
18 24 0
18 30 111
19 23 0
19 29 99
20 22 0
20 26 132
21 33 265
22 32 0
22 33 285
23 33 230
24 33 250
25 33 222
26 33 246
27 33 189
28 33 201
29 33 213
30 33 225
31 33 210
32 33 144

1 1 
3 3 10 16 
8 4 12 25 26 29 31 33 35 
5 6 8 14 18 22 
8 41 42 43 44 45 46 47 48 
4 19 20 23 27 
4 36 38 39 40 

0 0
1 0
2 0
3 34
3 8
1 34
2 8
3 38
1 38
3 42
5 8
5 12
3 46
5 34
2 38
2 42
5 38
2 83
2 50
2 46
2 57
6 53
6 57
6 46
6 50
4 83
4 91
4 72
4 76
4 80
4 84
4 79
4 57
99 99
