28 42 7 2

0 1 0
0 4 0
1 2 0
1 8 0
2 3 0
2 5 0
3 6 0
4 10 0
4 11 0
5 7 0
5 13 0
6 15 0
7 15 0
8 9 0
8 20 0
9 12 0
9 14 12
10 14 9
11 16 8
12 19 78
13 27 154
14 18 0
14 27 182
15 17 0
15 27 170
16 21 0
16 27 53
17 26 0
17 27 36
18 25 0
18 27 42
19 24 0
19 27 65
20 23 0
20 22 34
21 27 79
22 27 0
22 27 105
23 27 60
24 27 91
25 27 68
26 27 62

1 1 
4 3 20 22 24 
6 35 37 38 39 40 41 
4 5 11 17 19 
4 6 8 12 16 
5 26 28 30 32 34 
3 10 14 18 

0 0
1 0
3 0
4 0
4 48
6 65
3 42
4 65
6 71
4 71
3 48
6 90
3 71
1 99
1 113
1 107
5 124
5 107
5 113
5 136
5 105
2 124
2 150
2 105
2 136
2 113
2 107
99 99
