30 42 7 2

0 2 0
0 1 0
1 4 0
1 3 0
2 5 0
2 16 0
3 19 0
3 9 0
4 6 0
4 8 0
5 13 0
5 7 0
6 18 0
6 11 84
7 15 0
7 14 12
8 20 0
8 10 126
9 12 0
9 25 162
10 25 33
11 24 26
12 17 0
12 22 162
13 26 0
14 28 294
15 27 258
16 23 54
17 29 243
18 21 126
19 29 180
20 29 189
21 29 0
21 29 210
22 29 170
23 29 194
24 29 126
25 29 140
26 29 182
27 29 202
28 29 0
28 29 214

1 1 
5 3 5 15 20 21 
2 7 9 
4 11 13 17 19 
3 23 25 26 
8 33 34 35 36 37 38 39 41 
6 24 27 28 29 30 31 

0 0
1 14
1 0
2 20
2 14
3 0
3 14
1 43
3 21
3 27
1 64
1 57
4 27
6 0
4 49
4 43
6 6
6 27
6 14
6 20
6 21
5 105
5 85
5 97
5 63
5 70
5 91
5 101
5 107
99 99
