 500
  100  2476     4
   89   176     4
   58  1819     7
   97  1587     4
   46   783     7
   26  1439     4
   46  1691     5
   39  1767     4
    6  1861     9
   65  2449     6
   67  1477     3
   16  1202     1
   61  1679     7
   98  2162     8
   86  2242     9
   43   927    10
   42  2258     8
   38   771     3
   69   643     9
   57   636     8
   92  1115     9
   68   685     1
   28  1256     1
   51   628     6
   66  2261     3
   20  1772     4
   79    79     1
   72  1217     3
   18  1588     8
   36   944     8
   12  1162     4
   17  1552     2
   25  1121     2
   69   469     1
   13   627     5
   71  1904     8
   94  1908     5
   59  2318     9
    9  1158     2
  100  1256     3
   23  2255     5
   76   123     5
   15  2458     4
   83  1421     1
   73  2285     2
    1  2188     3
   26  2349     1
   14  2030    10
   38   446     5
   95   480    10
   71   154     7
   30  1562     4
   62  1166    10
   98  1411     8
   81  2190    10
   27   914     3
   18   671     1
   59  2269    10
   99  2132     5
   36  2259     9
   95   701     7
   10   781     9
   53  1298     1
   19  1822     9
   79  1251     9
   66  1925     5
   89  1214     6
   72   646     3
   24  1731     4
   98  2373     8
   72  1902     6
   46  1473     8
   73  2496     2
   86  1848    10
   29   382     9
   46  2269     4
   87  1524     2
   54   219    10
   60  1786     3
   25  1970     7
   48   699     9
   30  1941    10
   54  1019    10
   10  1866     9
   28   839     7
   34   697    10
   36   267     1
   45  1510     8
   92   453     9
   35  2400     5
   81  1256     6
   86  1154     6
   44   669     4
   33    42     6
    5   464     4
   22  1920     2
   99  1968     1
   94  1678    10
   94    53     4
   22  1187     5
   91  1538     7
   66  1956    10
   68   147     2
   64  1522     9
   52  1292     9
   96   530     1
    9  1278     2
   38   303    10
   50   750    10
   69   552     5
   62  2274     6
   98  1449     8
   98  2493     4
   16   781     6
    7   803     7
   25   819    10
   50  1478     5
   43  1071     7
   70  2330     7
   42  1931     4
   77   958     2
   50  1073     3
   27   573    10
   21  1627     5
   83  1116     9
   32  1037     4
   43  1035     6
   81   571    10
   26   203     4
   37  1088    10
    3  1759     4
   17  1742     1
    2   532     9
   71  1907     6
   80   751     9
   53  1825     7
   66  2437     6
   89  2029     1
   91  2129     7
   16   674     6
   57    69     5
   52  1890     3
   13  2124     4
   55    49     8
   68   158     9
   20   415    10
   79   869     8
   17  1637     4
   63  1486     6
   49   686     5
   58  1055     7
   39  2444     7
   98  1760     8
   85  1629     7
   60  1559     2
   81   363     6
   17   154     1
    2    81     7
   62   935     6
   42   357     4
   39  1170     7
   65   181     9
   58  2099     4
   40  1702     5
   35  2089     4
   38   338     3
   93  1015     2
    1  2013    10
   27  2368     3
   83   631     8
   16   175     5
   84  2437     8
   35     9    10
   29  2300     8
   38  2487     5
    3   168     9
   49   202     8
   17   843     3
   19  1805     2
   11  1688     3
   65  1530     7
   76   348     9
   50  1620    10
   63   777     5
   61  1977     5
    9   666     2
   44  1141    10
   77  2131     5
   11   747     9
    5  2077     6
   18  2489     9
   50  1918     5
   70  2259     4
   76  2076     3
   89  1107    10
    4  1835     8
   14  2414     5
   82  2122     1
    4  1336     7
   40  2269     8
   65   241     9
   20  1512     1
   23  2194     5
   99   250     9
   49  1299     9
   61  2168    10
    1   418     7
   97  1502     6
   77   499     3
   20  2224     8
    8   678     9
   42  2029     9
   96    59     6
   58  2298     9
    4   294     4
   56  2036    10
   66   452    10
   48  1436     4
   33  1655     5
   77  1200     8
   52  1000     9
   51  1631     4
   26   605     2
   22   747     2
   26  1194     6
   15  1713     1
   25    69     9
   39  1096     1
   97  1323     2
   29  1406     5
   79   853     8
   61  1564    10
   49   405     6
    2   534     3
   60  1815     8
   98  1705     5
   62   190     2
   61  2234     4
   95   694    10
   39   690     4
   80  1945     1
    2  1373     9
   80   206     3
   76  2004     6
   59  1159     7
   84   501     7
   31  1528     6
   25  1611     7
   31  1937    10
   63   670     1
    2   299     4
   83   424     8
   13  2302     4
   28   904     6
    4  1171     9
   39   984    10
   43   105     6
   29  1241     8
   78  2081    10
   39  1428     8
   58   134     2
   56   421     8
  100   480     7
    6   539     8
   58   956     1
   59  2295     4
    3  2245     2
   20  1147     2
   19  2017     8
   97   426     2
   58  1837     6
   99  1450     8
   99  1800    10
   38  2043     9
   74   941     4
   57   446     7
   22    31     5
    5  2470    10
   82  2057     3
   53  1968     5
   68   628    10
   83  2356     6
   35  2393     2
   81   417     4
   11   748     2
   39  1052    10
   20  1402     3
   53   853     8
   68  2293     7
   97   970     3
   92  2282     5
   25  2427     9
   53  1392    10
   91   249     1
   30   454     6
   10  2348     1
   49    32     5
   33   186     8
   30   982     3
   68  2050     2
   29   613     9
   87   306     8
   67   987    10
   28  2413     9
   25  2350     7
   41  1928     4
   84   346     5
   46  2382     2
   46  1886     3
   66  2404     8
   99  1838     6
   13     1     2
   49  2248     4
   34  1718     8
   94   419     5
   59   484     5
   73   257     7
   13  1822     8
   12  1338     2
   40    38     4
    9   279    10
    3  1107     6
   64  2466     2
   62  1671    10
   93  1357     7
   94   408     8
   72  1507    10
   42  1390     1
   26   595     6
    1  2489     2
   10   927     3
   55  1208     4
   88   283    10
   76  1914     3
   82  1109     2
   12   121     7
   17  1330     6
   66  1456     7
   58  2503     9
   62   703     8
   31  1348     4
   56  1829     4
   75   705    10
   79  1083     8
   89  1034     1
   68  1124     4
   38  1568     2
   62  1292     8
   80   434     1
   49   393     3
    1  1331     2
   89   713     1
   51  1501     8
   64  1284     4
   50  2385    10
   43   345     5
   57  1692     1
   22  1379     9
   85  1735     5
   83  2287     6
   22  1356     1
   94   149     8
   37   983    10
    9  1640    10
   69  2064    10
   18  2092     2
   20  1761     6
   86   881     5
   83  1036     9
   78  1752     4
   47  1584     3
   14  2384     3
   34  1069     8
   21  2290     2
   93   955    10
   23  2104     9
   88   901     6
   30    11     1
   84   883     7
   68  1336     7
   78   404     3
   84  2214     8
   56  2049     7
   29  1906     1
   47   986     1
    6  1922     6
   71  2251     5
    4   165     2
   27   788     5
   56  1474    10
   86  2452     7
   49  2145     5
   49  1624     7
   22   922     7
   57  1272     4
   18  1175     7
   40   502     8
   77   521    10
    3  2056     2
   23  1539     6
   54  2274     4
   50  1128     4
   36  1410     8
   87   830     1
   70   905     6
   29  2366     8
    9   421    10
   58  1807     1
   58  2377     8
   92  1305     6
   25   630     7
   36   269     1
   75  1007     3
   81   167     4
   64  2175     2
   22  1993     3
   87  2089     9
   35  1914     7
   26  2158     4
   14   365     4
   90   876     7
   11  2098     1
   62  2510     8
   38  2501     3
   33   508     8
   18  1270     2
   56  1163    10
   73  1010     5
   95  1792     1
   58   707     1
   95    36     1
   49  1554     4
    7  1836     5
   31  1447     9
   35  2384     5
   77   229     1
   59  1301     6
   44   293     4
   34  2037     1
   17  1166     4
   36  1599    10
   59   155     8
   52  1436     4
   11    93     2
   40   322     1
   15  1099     6
   32  2087     5
   26  2412    10
   50   500     2
   58  1733     9
   40   264     3
   39  1376     8
   68  1319    10
    1   262     1
   77  1364     1
    1  1827     7
   19  1533     2
   32    15    10
   73   325     2
   13   812     3
   90   723     1
   67   362     3
   62  2366     7
   96    47     6
   98  1810     1
   96  2238     2
   73   276     6
   57   598     7
   40    19     6
    6  2313     7
   73  1765    10
   75  1619     5
   65  2468     4
   25   688     4
   85  1712     6
    5   278     5
   40  1787     9
   17  1287     1
   31   177     5
   89  2288     1
   74   507     9
   70   441     8
   28  1152     8
   42  1826     8
   71   704     8
    4     4     9
   42  1141     4
   89  2237    10
   36    19     9
   14  1466     5
    2   537     3
   25   743     9
   81  1828     8
   63   391    10
   21   790     4
   79  1125     8
   59   117     1
   93  1067     9
   35  1724     5
   98   136     7
