 500
  100 12246     8
   29 12018     3
   33  6608     9
   93  2245     7
   27  2366     7
   22  8730     8
   73  5247     8
   32  2498     1
   37  4600     5
   55  9359     6
   66  4143    10
   46  2666     3
   10  9633     4
   16  4161    10
   71   376     8
   89  4270    10
   62 10651     5
   63  6821     4
   42  3068     1
   28   796     1
    8  7405    10
   54  5952     2
   15  5833     9
   42  1038     1
   18  9565     1
   58 11377     9
   31 10361     3
   83  3606     3
   66  6233     6
   28  1334     7
    7  4027     5
   66  5763     4
   57   637    10
   39 10635     4
   59  8009    10
   83  3003     6
   60  6649     2
   31   540     8
   15  5502     7
   97 11250     6
   86  9900     3
   81  9645     7
   42  1201     9
   96  6817     6
   97  1090     6
   12  1578     7
   84 11088     6
   58 11742    10
   74  8399     1
   26  1441     7
   86 12538    10
   81  3089     1
   79  7394     8
  100  5656     9
   23  4128     1
   97  4243     9
   58  4317     7
   54  1773     4
   79  7850     2
   24 10551     2
   81  3107    10
   86 11877     6
   89  3599     5
   38  3745     9
   24  9797    10
   47 11608     5
   21  6748     5
   84  3731     1
   78 12149     2
   35 12251     1
   80  2265     7
   63  9334     4
   15  9181     7
   21  3467     5
   59  3435    10
   11 10272     2
   33  5045     2
   42  1808     5
   69  9298     2
    7   728     2
   68  3250     2
   54  9121     1
   88  3817     2
   46 10644    10
   53  2061     9
   10  7946     2
   42  2172     8
   11  6379     5
   63  9719     6
   21 10022     9
   34  4214     7
   44   111     5
    7  9184     5
   22  7813     1
   82  3856     4
   30  6265     4
   69  6705     6
    2 10605     8
   13  9997     4
   46  6139     7
   37 10140     8
   92 12262    10
    8  2757     1
   51  6606     4
   13  3013     5
   67  6193    10
   62  4162     6
   45  8058     6
    8  8002     5
   30   745     7
   51  8787     7
   76 11252     6
   83  9866     8
   38 12605     9
   21  9180     5
   36 11928     6
   48  7835     1
   63 11352     3
   47  5591     1
   11  4838     6
   84  8659     2
   80  9805     8
   55  4950     1
   90  5128     6
    2  4903     9
   36  8806     4
   20 11394    10
   70 11609     4
   38  6695     2
   32  8675     3
   16  5032     1
   74  4120     9
   24  8222     3
   23  7789     1
   25 10726     3
   37 11236     8
   90  1267    10
   87  2172     8
   81  6578     3
   97  9269     4
   17  2917     5
   32  2650    10
   73  7805    10
  100    68     2
   70  2540     9
   93  4270     4
   35 11996     8
   18 10375     9
   56  2907     7
   81  4871     9
   28  2498     5
   39 11566     8
   61  1961     6
   82  7448     5
   28  3979     3
   63  6865     5
   18  3539     9
   48  2657     3
   32  5758     8
   56 10235    10
   80 11332     5
   47 10790     8
   30  1639     8
    3  6838     8
   70  5864     9
   54 12365     1
   39  5358     5
   59  7131     8
   41  1822     9
   20 11937     8
   56  3684     2
   57  4740     3
   52  1872     8
   28 11489     2
   56  4808     5
   21  4412     6
   21  3044     6
   91  4089     2
   38  2072     4
   76  5951     2
   72  8961     1
   66  4571     8
   15  4801     9
   33 10922     7
   48 12020     3
   43  8781     2
   95  5071     1
   66  2843     1
   90 11438     4
   27 10830     9
   21   362    10
   69 10055     9
   74  8904     7
   50  2001     8
   72  4177     7
   44  2053     5
    4  1651     9
   10  9536     1
    3  9184     3
   45  3474     7
   30  8758     9
   59   153     4
    1  8214    10
   81 10630     6
   87 11642     6
   57   307     4
    2  2327     1
    7  1971     1
   48  4396     6
   40  4399     5
   83  7922     2
   20   641     6
    5  8970     2
   97     7     1
   52 11564     3
   52  8274     5
   40  8788     2
   46  3920     3
   17 11118     5
   29  7511     6
   73  2034     2
   38 11480     5
   98  4850     4
   46 10939     8
   87   766     2
   69  9028    10
   89   276     3
   91  2418    10
   79  5848     1
   92  9460     5
   35  5893     7
    8  1891     9
   50  9614     9
   36  1392     6
   89 12521     4
   36  8541     4
   92  1699     9
   91  2133     5
   43 10512     4
   40  6096     5
   30  6532     9
   26  5718     5
   59  6737    10
   35  2787     1
   23  5726     5
   11  5586     3
   86 11062     5
   62  1799     7
   57  9506     5
    3  9464     9
   91  9310     2
   29 11541     7
   41  8229     3
   88  1444     6
   74  9764     4
   28  8996     5
   56 10472     6
   63 10041     6
   18 11415     5
   34  3605     6
   55  6786     1
   52  4592     1
   41  5496     5
    4  3684     9
   87  5984     7
   30  5302     9
   40 12225     2
   79  7684     5
   20  7435     3
   83 10021     5
   19  1064    10
   49  1252     1
    8  3023    10
   77  7802    10
   83  4040     2
   30  8749     5
   88   672     2
   69  2386     6
   92 10548     1
   44 10178     7
   72 11851     5
   82  7143     3
   72  9004     3
   13  7365     8
   69  8587     8
   46  6053     7
   40  3646     2
   25  6344     3
    9  3378     2
   57  2345     7
   58  9950     9
   63 10164     2
    9  6938     8
   99  2730     3
   67  1133     1
   95   206     4
   28  8033     1
    7   642     2
   74  7891     9
   48  2752     4
   89 10663     6
   92  8955     8
   97  4005     5
   97   971     6
   69  4041     7
   80  8045     6
   27  9720    10
   56  4713     8
   49 10431     1
   18  7553     1
   99  2176     4
   20  9567     5
  100  1980     3
   71 11180     6
   33  4216     3
   69 10568     1
   16  4517     3
   72  7863     4
   93  4196     4
   25  7896     4
   28 10208     1
   51  1430     2
   87  5345     6
   36  4430     8
   49  4161     5
   54  6478     7
   31  4637     2
   77 12194     6
   60  7120     8
    5 12528    10
   25  2231     9
   49  5068     4
   97  8768     7
   21  6236     3
   45  6039     9
   65    94     4
  100  1565     8
   71  3044     9
   21  4807     1
   48 11997     9
   88 10598     9
   20  6984     5
   68  8849     4
   88 12579     2
   90  5449     1
  100   350     6
   56 10431     2
    6  9967     3
   72  8213    10
   49  1912     5
   30  5148     7
   99  5705    10
   99  3343     7
   17 10493     3
   35 10136     8
   48  7504     1
   71  4255     9
   66  2057     9
   24  6983     6
   30 11375     6
   71  1870     8
   48  9215     5
   79  3728     9
   67 10639     5
   69  2735     7
   23  9767     8
   32 10733     8
   69  4301     5
   93    96     6
   52  2825     9
   17  3583     4
   81 10695     4
   72  9809     3
   84 12432     7
   68 10558     5
   62  2543     3
   84    66     2
   24  8273     7
   67 12511     5
   55  8279     1
   72 10185     1
   97  4943     1
   54  1269     1
   70   812     7
   14  2720     3
   89 11405     8
   17  8317     8
   84  6975     2
   55   747     7
   41  2585     3
   14  5635     7
   25  2618     5
   89 11800     7
   92  9363     6
   92   541     9
   57  1820     4
   14  6415     3
   23 11275     7
   26  6122     9
    7  6512     9
   75  1384     5
   42  9705     2
   87  4491     3
   46 11194     7
   26  9422     9
   55  2333     7
    7  1022    10
    9  9489     1
   78 10606     4
   74   817     4
   64  5053     1
   49  8076     5
   70  5760     5
   18  6322     2
   19  8889     2
   83  8481     8
    7  5012    10
   35  4491     9
   67  2740     9
   62  5760     6
   76  7077     2
   80  8375     6
   86  8379     1
   64  6161     9
   72  5023     1
   78  8921    10
   21  7982     2
   86 11438     4
  100  7480     6
   46  1388     1
   92  5234     3
   74  8865    10
   87 11094     3
   79  9725     5
   20  7343     7
   12  7801     1
   33 12059     2
   26  8365     6
   21  4574     1
   10  9950     5
   99  9183    10
   85  9627     2
   59  5310     9
   69  2228     4
    3  3234     4
   77  1484    10
   51 10709     2
    9  8247     3
   12  5975     8
   18   733    10
   70  1291     9
   88   336    10
   98  9109     6
   56  9671     9
   51  6498     8
   69  1417     7
   33  5876     8
   72  1765    10
   54   139     1
   33   641     4
   18  3154    10
   46  5374     3
    6  9506     3
    4  1533     3
   24  2384     7
   25  4133    10
   16  9334     3
   56  1727     8
   51 12499     5
   37  1193     4
   66 11677     2
   49  8966     4
   22 10821     6
   25  4272     1
   17 11194     8
   24  1339     9
    2  5756     1
   68  9188     9
   33  9587     2
   13 11732     9
   85  9922     9
    3 10879    10
    1 12069     8
   82  6315     4
   58  7834     9
   52  5852     5
   51  7733    10
   91   994     7
   23  7617     4
    5  7873    10
   23  1635    10
   40 10771     4
   50   531     3
   29 11141     3
   44 12304     7
   74  2916     9
   54  2559     2
   60  8923    10
   30  4643     7
    4  2342     7
