 500
   78  8303     9
    1  7875    10
   35  9298     7
   96  7717     5
   74 11454     9
   78 10932     7
   24  9698    10
   49  7903     1
   85 10103     3
    4  8762     9
   15 11284     7
   28 10680     4
   40  8962     5
   18  8622     8
   96  7667     6
   27 10337     4
   78 10098     7
   49 11613     1
   35 11322     8
   26 10711     2
   32  9608    10
   60  8348     9
   54 11653     9
   49  8533     8
   31 12224     4
   75  7962     8
   25  8743     5
   23  8813    10
   39  7706     8
   76  9851     7
    7 12047     2
   16  8547     6
   76 10264     7
   42  8908     9
   11  8803     1
   50  9281     6
   19 12378     6
   34 11039    10
   98  9722     6
    4 10044     8
   38 12340     9
   13  8569     2
   31  8287     2
   77  8864     3
   30  9729     9
   27  8492     7
    3 11740     7
    7 12366     6
   76  7667     8
   38 10624     4
   33 10639     8
    7  9814     8
   97 11511     3
   86  9855     6
   56 10885     5
   28 11298     6
   60 10355     4
   80 12166     9
   51  7673     6
   99 10600     1
   56  9579     6
   57 12259     7
   14 11686     7
   32 12382     2
   98  8729     6
   25  8051     7
   81  9225     7
   17  8670     1
   58 11629     7
   78 11486     2
   20 11253     9
   96 11531     5
   90  7618     4
   51 12078    10
   72  7958     8
   19  9885     2
   77  8132     7
   75 12236     5
   26  9813     8
   53  8338     4
   12 10423     9
   58  8015     6
   59 10691     2
    9  9497     1
   44 10408     2
   15  9138     6
   37  8357     6
    4  8325     5
   94  8867     4
   87  8569     1
    2 11464     6
   50 10984    10
   44  8390     8
   16 10712     2
   81 10929     1
   41  9658     4
   40 11302     8
   61  7717     8
   58 10866     4
   98 10493     5
   39 11742    10
   77  9681     2
   93  9586     9
   28 11898     3
   27  9321     2
   65 10083     7
   47  9346     5
    4  9992     9
   40  9881     1
   73 11697     3
   56 10869     2
   51  7867     9
   31 12251     9
   15  9123     4
   60  9902    10
   75 10222    10
   29 10799     9
   97 10797     5
   78 11085     5
   23 12204     3
   83 11904     6
   80 10112    10
   72 10751     2
   27  7857     3
   95  8386     1
   52  9243     3
   67 10053     6
   34 12226     9
   13  9498     1
   24  8482    10
   32 10282     3
   52  8802    10
    1 10702     2
   24 12407     2
   79  8263     3
   27  7586     4
   89 10052     8
   26 10147     7
   30 10116     2
   28  7496     9
   99  9407    10
   86  8548     3
   79  7901     8
   29  9221     8
  100 10209     6
   38 10341     7
    4 11981     7
   28  8571     5
   35  8701     2
   81 10629     2
   51  8338     7
   18  8168     7
   61  8303     1
   22 11628     9
   44  8563    10
   55  9228     2
   74  8433     1
   10 11155     6
   89  9017    10
   87 10469     1
   34 12175     6
   20 11837     3
   38 11810     1
   34 10439     7
   44 11806     4
   17  7636     3
   61 10563    10
   32  9421     2
   43 10322    10
   91  8242     1
   60  9456    10
   41 12267     9
   76  9329     4
   38  9895     8
   70  9050     7
   75 12076    10
   76  7799     4
   73  8594     4
    3  8210     5
   10  9038     5
   54 11761     5
   54  9086     1
   27  9744     2
   14  7626     6
   75  8276    10
   70 10846     1
   69  9392     7
   49  9247    10
   80  9563     7
   57 10947     7
   36 12255     1
   13  9301     2
   77 10347     9
   73 11628     1
   47 12278     9
   21  9716     3
   90 11803     4
    7 10404     8
   53 11675     4
   32  9687     3
   97 11184     9
   12  8693     4
   72  9517     2
   73  8075     2
   50 11127     2
   42 11106     9
   47  7714     2
   25 11464     5
   14 12238     2
   50  8462     6
   34  8065    10
   68 11561     7
    3 10087     7
   60 10348     1
   81 11726     2
   78 10902     6
   30  8757     2
   49  8680     8
   27  7712     5
    9 10858     8
    6 12166     5
   62  7529     6
   22  7722    10
   83 10076     4
   35 11696     7
   68  7562     8
    4 12330     6
   24 11061    10
   75 10504     5
   56 11568    10
   55  8310     3
   72  9251     4
   68  7823     4
   27 10365     4
   44  9864     5
   17 11489     5
   68  9033     3
   91 10117     7
   41 10516    10
   82  8834     4
   40 11118     2
   75 11119     9
   49  7957    10
   43  8767     8
   35  9030    10
   29 12221     1
   21 12208     3
   64 10325     1
   78  8464     9
   47  7482     8
   72  8746     9
   84  8193     4
    9  7549     4
   93  9006     8
   66 10807     7
   43 11784    10
   61  9107     5
   70 10699     3
   66 10408     9
   36 12150    10
   26  9829     3
   21 11257     1
    7  8963     3
   93 10191     7
   47  9184     5
   50 11366     8
   10  9242     2
   14 10756     7
   40  9046     4
   51 12297     1
   95 12129     1
   80  7726     5
   25 10979     9
   43  7648    10
   23  9032     2
   59  7571     8
   72 12408     1
   43  8802     5
   22 10435     9
   49  8435    10
   90  8822     3
   94 11720     7
   33  9166     4
   98  8910     6
   87  8289     4
   99  7536    10
   41  8257     5
   48  9934     9
   68 10774     3
    7 11203     3
   83  9647     8
   93  8166     6
   27 10022     4
   89 11148     1
   86 10895     2
   73 11745     9
   39 10077     8
   95  7700     3
   86 10064     6
   78 11661     1
   45  7560     3
   81  9755     6
   58 11925     6
   69 11077     2
   23  9941     6
   80  8520     8
   28 11186    10
   95  9912     7
   23  9860     2
   50  9184     8
   43 10885     7
   12 11221     5
   43  8467     5
   76  7614    10
   10  7693    10
   30  9294     9
   74  7688    10
   51  8488     4
   77 11767     7
   41 11000     2
   57 12230     7
   60  8976     5
   34 11704     7
   83  9814     1
   49  7686     6
   19 10162     9
   55  9121    10
   87 10302     3
   13 10401     1
   41 11723     5
   64  9525     4
   57 10499     4
   21  9040    10
   21  9012     9
   26  9139     5
   44 11520     6
    1 10070     6
   53  7888     5
   38  8994     2
   23  7493     8
    3  9610     3
   81 12418     8
   34 11252     2
   45 10615     7
   56  7594     7
   44 11484     1
   75  7471     6
   30  7820     6
   94  7535     5
   52 11777     3
   70 11359     8
   50 12303     2
   11  8315     8
    3 10626     5
   33  9679     3
   59  8540     3
   22  8350     3
   88 11339     2
   45 11380     5
   34 11290     4
   28 10624     6
    9  8467     8
   91  9352     7
   49 12203     6
   30 10018     7
   17 11029     2
   92 11285     1
   30  7651     2
   70 11455     7
   30  7842     3
   52  7682    10
   72  8628     9
   10  7822    10
   86 11473     1
   17 11781     6
   66  7954     7
   29 10520     2
   91 11791     1
   95  8313     2
   23 10593     7
   43 11130     4
   65 12210    10
   73 10459     9
   53 11984     1
   68 10398     4
    5  7701     2
   12  8086     3
   89 11287     7
   92 11578     3
   57 12004     8
   22 10139    10
   20  9765     9
   66  8033     6
   13 12030     7
   68  9530     5
   95 10589     2
   29 10622     9
   60  8377     6
   25 10779     4
   98  9639     5
   89  8758     8
   77 10999     3
   69 10805     3
   99  9118     8
   62 10035     4
   86 10149     9
   65  9610     4
   91  8117     6
   76  9503    10
   59 10462     6
   14 11249     2
   18  8196     3
   23 10234     5
   86  9270     1
   71  7742     3
   90  8194     9
   90  9510     2
   83  8366     6
   78 12020     6
   82  8650     5
   40  7932     3
  100  9722     6
    1 10954     4
    5  8504     8
   12  9314     2
   69  8046     8
  100 11632    10
   41  7498    10
   29  8962     4
   24  9973     3
   39  9676     4
   18 10258     1
    1  8534     6
    8  8044     7
   16 11915     8
   63 11108    10
   93 10732     5
   80  9088     2
   53 11763     5
   68  7797     5
   39 12088     7
   67 10574     7
   86  8531     7
   61  9884     2
   52 12383     7
   57  8812    10
   51 10617    10
   42  9455     8
   40  9716     5
   29 10200     6
   23 10644     3
   79 10187     8
   28  7484     1
   24  9160     6
   84 11229     6
   40  9337     3
   93  9745     4
   83 10423     5
   81  9374     2
   21 11245     8
    7  7959     8
   19 11588     6
   38  9066     8
    7  9032     4
   26 12171     3
   54  8543     6
   70  7702     3
   19 10465     8
   34 10170     8
   23 12003     7
   87 10801     2
   72  9820     4
   89 10139     3
   72 11870     9
   33 12243     5
   40 10085    10
   29  8245     8
   84 10422     5
   82 12078     8
   68 10499     3
   12  8185    10
    5 10284    10
   47  8248    10
   40  8207     1
   28 11983     6
   30 12015     5
   80 10082     3
   20  9290     9
   13 10001    10
   60 11994     5
   41  8098     7
   19 10498     7
   79 11145     1
   78  9703     4
   26 12068    10
    5 10878     3
   32 10785    10
   95 12308     3
   23  8906     1
   65  8517     7
