 500
  100 18228     4
   73 21128     6
   58 20116    10
   34 18617     6
   14 14226     6
   77 15687     4
   99  8900     3
   14 16944     5
   60 10133     3
   80 14813     1
   24 18316     4
   24  8831     3
   51 20294     2
   14 11801     6
   39 19756     4
   91 16351    10
   92  7953     7
   37 17086     4
   59 13835    10
   21 11671     9
   47  9280    10
   35 11044     2
   37 12391     2
   83 20192     6
   88 13352    10
   56  7746     8
   14 10395     5
  100 11687     5
   22 13350     4
   58 13985     6
   12  7418     1
   22  9581     8
   31 13117     2
   69 20202     1
   56 20867     3
   44 20012     7
   46 13893     4
   54  7771     5
   58 14959     1
    5 16695     6
   34 15253     5
   81 11278     4
   29 18194     9
   84 13550     7
   95 15748    10
   67 15953     2
   75  7904     6
   86 16369     7
    4 11043     6
   33 14407     5
    7 20709     5
   51 12991     5
   68 18120     7
   43 11103     7
   33 11187    10
   56  9476     7
   99 11518     4
   47 14250     5
   55 13831     1
   21 17537     8
    4 20904     1
   67 13917     2
   42 19787     5
   35 12024     2
   35 12123     2
   97 18657     7
   78 10039     8
   81 18684     6
   51 19096     2
   36 17667     9
   86 13382     1
   84 12353     7
   17 21614     3
   14  9580    10
   68 18571     3
   11 15365     2
   81 18202     1
   42 19143     8
   97  9738     8
   84 21913     6
   75 11554     3
    3  8450     3
   34 12908    10
   42  7677    10
   46 12222     9
   67 16763    10
   97  9822     6
   45 16409     3
   13  9016     5
   52 16321     7
   65 11949    10
   17  7923     5
   18  8242     8
    7  9740     4
   51 12616     6
   53 13034     9
    4 21065     1
   28 15324     3
   33  9722     4
   54 18165     2
   64 10994     2
   18 15772     5
   38  8521     8
   80 10611     4
   32 18021     5
    5 19761     1
   90 18645     5
   12 14226     5
   47 16907     9
   87 21051     3
   96 14142     1
   22 21130     2
   89  7505     5
   30 19718    10
   63 21476     2
   35 12396     4
   96 14485    10
   60  9301     7
   79 21473     6
    8 16169     4
   12 18291     4
   43 11426     6
   24 16761     8
   29 19202     1
   50 13834     9
   74  7380     3
   82 10239    10
   53 12903    10
    2 15372     6
   14 12629     4
    6  9072     2
   65 19035     7
   32 21070     9
   43 10262    10
   44  7650     1
   64 17094     3
   48  8026    10
   34 18963     5
   76  9323     7
   94 17602     8
   21 18018     8
   71 16134     7
   15 16735    10
   10 18191     2
  100 13856     7
   78 16214     1
   44  8590     6
   96 21009     7
   38 18184     8
   23  8067     2
    3 15182    10
   50 14478     1
   66 12162     7
   26  9946     8
   78 11683     1
   15 18665     6
  100  9995    10
   60 14591     1
   67  9572     5
    1 18035     6
   74 19888     4
   73 11313     6
   66 15074     3
    5 18962     2
   16 14243     5
   10 15392     3
   69 14059     5
   63 14937     5
   44 12358     7
   44 16051     1
   57 10543     2
   64  8379     5
   15 10189     8
   72 19947     1
   73 19239     7
   15 16714     5
   50 14165     2
   17 20498     2
   10 15726     2
   88 10352     9
   39 21234     3
   12  8912     1
   37 17498     9
    4 11400    10
   38 11526     9
   15 21850    10
   18  8068     5
   37 14189     9
   74 14444    10
   85 10309    10
   38 10228     4
   47 12336     4
   57 14290     5
    4 17971     6
   52  9301     6
   73 21201    10
   13 11366     8
   20 16028    10
   36 14142     4
   56 16393     5
   64 10083     1
   93 17354     6
   20 17440     9
   78 12940     9
   64 15304     7
   92 14683     5
   92  7657     3
   14  7472     8
    8 13184     7
    2 16052     5
    1 10492     6
   47 12422    10
   13 17632     5
   38 20659     5
   50 16490     9
   51 21827     4
   52 20512     4
   68 17226     3
   88 14020     2
   26 12960     4
   52 20204     2
   25 16916     5
   72 17964     7
    9 12497     7
   28 12891     1
   23 19933     3
   82 11702     7
   41 16925     8
   43 13965     2
   17 18512    10
   97 11321     3
    7 16717     2
    9 13870     5
   16 21430     2
   84  7660    10
   73 21842     2
    7 14117     7
   76  7986     3
   86 21982     9
   15 19969     3
   77 16706     7
   87 10478     5
   61 10395     2
   90 12342     2
   25  9140     9
   11 19553     1
   40 12172     5
   77  7656     3
   79 14783     3
   27 18860     6
    2 13285     6
   30 12990     5
   52 13780     1
   74  9252     3
   39 18156     2
   80 19339     1
   97 21854     5
   20  7861     8
   20 14267     9
   39 13823     7
   36 19042     7
   16 18257     1
   45  8543     9
   45 10915     2
   32 17691     2
   29  8872     9
   18 10760     4
   38  9811     8
    5  9526     1
    3 10746     3
   53  7784     1
   82 18900     8
   90 13892     7
   14 10847     3
   71  9245    10
   15 15701     6
   25  8403     3
   11 14086     5
   91 16026     9
    3 15855     6
   37 10949     1
   92 21979     5
   33 21513     1
   89 17397     1
   66  9234     7
   71 17672     2
   68 14739     1
   62  9092     2
   91 18202    10
   88 21675     9
  100 15584     9
   26 15247     7
    4 17936    10
   45 16795     7
   71 18830     9
   35 13630     2
   74 18335     5
   88  7594     2
   72 16110    10
   78 20529     6
   91 11008     4
   25 16562    10
   60 17433     4
   81 17569     1
   39 20077     3
   30 19347     3
   95 11273     6
   63 21149     5
   41 11436     7
   86 19967     4
   65 15008    10
   77 15053     7
   78 19950     9
   97 14525     1
   66 10454     8
   43 21853     5
   68 10201     2
   33 17862     9
    4  8948     7
   58 21071     1
   21 17541     8
    4 17200     6
   84 14321     7
   24 13480     7
   48 11999     2
   54 11155     5
   58 19779     9
   22  8338     7
   42 11417     7
   30 13892     8
  100 21536     2
   32 15094    10
   54  8457     8
   59 16972     6
   13 10666    10
   93 21203    10
   89 14323     8
    8 14608     6
   55 20356     5
   29 18427     5
   93 12579    10
   20 13367     5
    6 11484     2
   70 10532     8
   17 20560     5
   71 14606     9
   12 10388     3
   84  8764     7
    4 10471     8
   15 12005    10
   42  7838     8
   24 20680     5
   18 21874     5
   25 14828     5
   47 12164     1
   66 11877     7
   79 18651    10
    5  9946    10
   88 12883     4
   20  8072     6
   34 16506     7
   87 12422     5
   52 15834     6
   88 17632     5
   45  7398     1
   65 19169     5
   80 16838     4
   34 14389     8
   72 11780     1
   34 15197     9
   62 10819     3
   64 17028     1
   54 21233     3
   67 14971     4
   33 20228     8
   70 19796     8
   38  7581     3
   45  8620     1
   54 21229     4
   41 10721    10
   60 13294    10
   95 21736     1
   65  9405     5
   78 13171     5
   20 14568     5
   11 14237     5
   43 17716     2
   98 11223     5
   15 16852     5
   31  8603     5
   18 11963    10
   49 11361     1
   17 13693    10
   70 20466     5
   36 21662     5
   62 13759    10
   34 17638    10
   15 16503     9
   95 20816     7
    5  7422    10
   49  9704     8
   56  9639    10
   69 17118    10
    2  8940     1
   23 17279     4
    2 15350     8
   72 21405     8
   60 17528     6
   46 16638     9
   25 20638     2
    1 20918     6
    6  7935     9
   20 20377     2
   65  8326    10
   83 13775     3
   39 12949     7
   76 15231     5
   26  9495     5
   37 16840     1
   91 10086     9
   56 10766     9
   55 21471     1
   39 14116    10
   72 17128     8
   24 19941     5
   74 13781     5
   34  8890     7
   58 15582     5
   89  8288     4
   28  7710     4
   63 15673     4
   37 10660     1
   84 10017     3
   32 10794     4
   39 12269     1
    7 19965     6
   33 18813     2
   10 11678     8
   67 15497     2
   79 13454    10
   35 10319     9
   67 14418     8
   84 14058     8
   54  8700     1
   32 15412     7
   66 20502     1
   93 14317     8
    7  8647     2
   91  8000     5
   29  9161     9
   98 11402    10
   47 11434     4
   84  8636    10
   36 18187     9
   19 21230     1
    8 21245     4
   10  9972     4
   52  8124     8
   65 14831     8
   99 10928     7
   80  8503     2
   28  8507     2
   35 14257     7
   64 11189     5
   59 11970     6
   73 19195     8
   70  9157     1
   92  8786     8
   83  8876     5
   37 17322     3
   70 14909     8
   17 11864     4
    3  9744    10
   53 21635     6
   70 13232     5
   34 17824     6
   19 20140     6
   63 20218     3
   41 19140     8
   10 20809     1
   92  7383     1
   38  8546     7
   56 10247     4
   75  8687    10
   74 19401     6
   74  9480     5
   82  7935     4
   83  7376     9
   26 10273     3
   47 15434     2
   81 10973     5
    5 11444     4
   75 16610     4
   16 17898     2
   69 15301     9
   34 21248    10
   89 15096     9
   39 17127     9
   25  8037     7
   71 16641     4
