 500
   57 13740    10
   58  8903     2
   87 12893     1
    7  5752     2
   41 15252     3
   40 12364     6
   55  8961     7
   47  9010     6
   89  8034     5
   97  8495     1
   21  8826    10
   61  7286     4
   42  6420     9
   45  6123     6
   94 13619     6
   59  7946     7
   70  5349     1
   33  5500     9
   33 11901     9
    8 15343     9
   20 12247     7
   65 14256    10
    8 15005     1
   37 10516     6
   49 11636     8
   17 12450     3
   83 11924    10
   74 11492     2
   88  8642     5
   36  9510     3
   69  7777    10
   45  6693     5
   94 13184     4
   56 15442    10
   51  7217     6
   35 12746     7
   95 12116     5
    5 10949     3
   81  6066     2
   83 14921    10
    2 14216     3
    2  9664     2
   43  6518     3
   44 15407     1
   46 10559     7
   37 14909     8
    2  7664     7
   16 10680     7
   69 15180     7
   34 14337     6
   23 10334     6
   89 11738     3
   99 12904     6
   31  9649     6
   26  6564     9
   47  8850     3
   47  6409     8
    8 13259     8
   21 15113     4
   34  9823     3
   44  7079    10
   90  7200     3
   78 11287     7
   38 15035     4
   45  6952     3
   29 13276     3
   72 12092    10
   40 13840     8
   34  8535     6
   53 12930     2
   23 13072     7
   36  7062     8
   54  6905     3
   66 14361    10
   79  6780     9
   99 12235     9
    2 13581     8
   80  9216     5
   15  7226     5
   71 13071     5
   14  7864     1
   38 12331    10
   59  9120     8
   12 15539     6
   68  6291     5
   85 10456     6
   59  8699     8
   14  7472     3
   92  8026     3
   79  8122     2
   48 12066     6
   36  9877     3
   69 10094     5
   26  7664     2
   73  9222     7
   13 11818     7
   54  5250     5
   45  5624     6
   53  9968     5
   88  8557     1
   97 13325     7
   75  7350     1
   23 10390     8
   50 15002    10
   40  6022     1
    1 11942     7
   49 11547     8
   42 14374     9
   81  5468     1
   63 13545     2
   12 11756     3
   94  8103     2
    1 10187     2
   71 15647    10
    5  7952     8
   68 11249     7
   55 10413     5
   64 11423     5
   82 13492     9
   47 13210     8
   42 14316     7
   29  9869     4
   83  7397     1
   10  8721     1
   55 12304     6
   55 11391     7
   23 15310     8
    8 12326     1
   99 11787     3
   76  9589     2
   95 15654     1
   96  9423    10
   50 11711     3
   18 10355     9
   45  8735     9
   90 12504     4
   19  6608     5
   94 15054     6
   31 11188     2
   99  6847     6
   57 12909     8
   43  7254     4
   92  9722     8
   57  7407     9
   13  7212     3
   97 12446     5
   25 13427     5
   68 12396     8
   60  8179    10
    6 11230     4
   14  9917     6
    2  6806     6
   34  5410     8
   97 12086     6
   12 10299     7
   88 12486     4
   51  7788     2
   35  9919     4
   96  9122     5
   50 14346     5
   10 14280     6
   91  9087     5
   45  8079     4
   59 10301     8
    9 14214     4
   90 11585     2
   49  7115     2
   27 15593     8
   83 10950     8
   79 13075     3
   25  6751     4
   40  8169     5
   21 15101     6
   17 11244     1
   96 10347     4
   34  6623     9
   13  8000     5
   20  8085     9
    1 13791     7
   73 10951     4
   25 14087     3
   15  8019     2
   74 12529    10
   59 14269    10
   11 14876     7
   85  7138     6
   47 11065     4
   62  6974     9
   20 11829     9
   43 14959     8
   12  5631     4
   29 10419     4
   34  8357     3
   57  8481     7
   87 15492     2
   42  6881     6
   46 14838     9
   36  6917     3
   68  6784     4
   29 10098     7
   14 14764     6
   92  8306     7
   68 13039     2
   35 14175     1
    8 14322     7
   64  7697     5
   68 15570    10
   21  6633     1
   83 10554     3
   69 13672     6
   93 12355     5
    8  8952     5
   83  6001     7
   67  9194     4
   67  7532     5
   94 15649     4
   52 11103    10
   14 13368     8
   55  6934     3
   71  7242     8
   56 12638     6
   66  7336     6
   99 12433     2
   89  5305     8
   22 10589     3
   86 12235     4
   31  6957     3
   68  9738     1
   21 13924     7
   98  8513     6
   96 14608     8
   35 12999     2
   90 11591     3
   64 11957     9
   69 11484     3
   97 10223     9
   28 14426     3
   37 11365     2
   17 11628    10
   11  9291     6
    6  9347     7
   10  8293     5
   18 13015     1
   89 10120     4
   76 12259     9
   85 15318     5
   82 10079     8
   27  7673     8
   98 12996     3
   37 11785    10
   97  9687     5
   54  9945     8
    3 13892     5
   96  6431     7
   43 10021     6
   25  8792     8
   81 13437    10
   73 11750     8
   92 13301     8
    2 11672     7
   71 15035     4
   88 12219     6
   36  8981     8
   60 10936     6
   52  8487     4
    5 15237    10
   57  5470     5
   79  7224     7
   42 10912     1
   74 11869     5
   89 11286     2
   47 15031     8
   83 14934     9
    7  8611     2
   36  9461     2
   58 11504     8
   91  8239     7
   18 14312     9
   85 13949     5
   89  5546    10
   55 10407     9
   82  7947    10
   43 10263     8
   57  8610     4
   77  9149     6
   86 15055     3
   81 12173     1
   58  6897     6
   59 11116    10
   73  9785     9
   59 13340     2
   29 10461     4
   60  6314     4
   94  6631    10
   88  5708    10
   12  9573     7
   99  6178     9
   45  5950     5
   90 11568     3
   40 11862    10
   18 12591     9
   78  7164     5
   87 11203     8
  100 11836     8
   85 10547     7
   22 15436    10
   58  7651     5
   75 13558     3
   40 14059     9
   43  5910    10
   64 13876     3
   94  8776     7
   24  8629     9
    7  8449    10
   50 12158    10
  100 12549     5
   93  7815     2
   31  8642     1
   58 14217     1
   51 13702     2
    3 13198     9
   16 11868     3
   80  8474     5
   63 14284     2
    9 13270     2
   68  8954     4
   74  8168     9
    7 14220     1
   12  9675     9
   63 14507     2
   47 10392     1
   29  6577     7
   41  5982     7
   33  5906     8
   28 13185     5
   25 11300     3
   55  5653     7
   86 15607    10
  100  9169     6
   94 14483     5
   28  5828     9
   64  7355     8
   87  7570     2
   51  9228     8
   71 10575     8
   37 14500     2
   51  6087     3
   63 13161     9
   67  7452     2
    8 15076     3
   13 11174    10
   70 15422    10
   23 11254     6
   92 14420     4
   32 14017     2
   32  8835     8
   59  7684     8
    6  6495     1
   39  7365     8
   70 12131     7
   69  5313     3
   85 12529     8
   98 13480     4
    9  6066     9
   18 13207     6
   26 10975     8
   34 12138     2
   72 13632     3
   11 10892     8
   34  5617     7
   66 12425     8
   38 11491     7
   98  7744     5
   53 14767     9
   89 15491     4
   68 13090     2
   89 13577    10
   39  5889     7
   30 10562     1
   56  5340     2
   47  5275    10
   43  6047    10
   25 15534     2
   70 11301     5
   35 15238     4
   57 13861     4
    2 14907     2
   94  7233     2
   62 15128     4
   40  6583    10
   63 14135     8
   31 15212     7
   25 13883     7
   61 11925     1
   39  5589     6
   42 11401     3
   87  7211     9
   73 12498     7
   14  9343     5
   97 12874     6
    7 12887     4
   80  6079     2
   35  8676     3
    4 15402     9
   32 15618     1
   23  8478     7
   71 12803    10
   21 13505     1
   62  9138     3
    1  7676    10
   77 13617     2
    8  9184     2
   44  8494    10
    2 13461     3
   78 15256     6
   78  8042     3
   58 11633     6
   79 14474     8
   71 10046     5
   20 11072    10
   18  5367     7
   34  8492     2
   50 10594     7
   43 14022     4
   95 15189     3
   89 10955     2
   85  9734     6
   81  6710     1
   62  7764     8
   99 13848    10
   77 14356     7
   68 15422     2
   78 14699     2
   12  7343     9
   72 15135    10
   10 14627     2
   34 10592     5
   43 12249    10
   30 12443     2
   95 14501     8
   43 14696    10
    6 10370     4
    3  7996     9
   87  7500     9
    8  8142     7
   80  7563     5
   64 10314     2
   65 14546     2
   58  6347     3
   35 15131     6
   85  9928     2
   76  6485     9
   68  7934     8
   35 15294     8
   19 15279     2
   62  7433    10
   24 10559     9
    3  9323     7
   43  8915     1
   85 13094     7
    2  7482     7
   19  7581     8
   53 12827     8
   79  6491     8
   30  9695     6
   24 12273     8
   89  5428    10
   64 15059     1
   66  8832     7
   18 12643     1
   59 13870     8
    9  7838     7
   24  7323     5
   61  6177     7
   95 10109     5
   31 10236     1
   41  8511     1
   59 15194     7
   96  9093     3
   99  9629     3
   93 14636     2
   81 13793     4
   75 10886     2
   61  6881    10
   15 13398     2
   93 10476     3
   23  9085    10
   38  8267     1
   96 14570    10
   65 12771    10
   23  5672     8
   97  6362     7
   84 15124     7
   75 13271     6
   76  7625     5
   14  9130     3
   99  9854     3
   64  7825     4
   77  8499     4
   65 13458    10
