 500
    8  2971     6
   47  5179     1
   48  6888     6
   80  4921     8
   44  1571     2
   43  2736     9
    7  2149     7
   53  4094     9
   51  5110     4
    6  6840     2
   76  3540     3
   22  7638     8
   71  1767     6
   30  2554     9
   36  2227     2
   29  4388     4
   96  3570     5
   66  2533     7
   67  3813     7
   20  4965     6
   19   501     2
   75  6800     5
   97  5154     7
   44  2257     1
   57  4054    10
   50  1149     7
   26  3242     4
    8  6478     7
   49  5297     1
    2  1216     7
   96  5580     3
   57   483     6
   48  6396     7
   44  4684     9
   36  5405     4
   92   182     9
   87  7421     7
   42  7555    10
   44  4277     8
   38  4746     1
   47  6610     2
   20    32    10
   60  4600     8
   18   592     8
   49  2586     9
   95  6828    10
   46  4981     1
   44  6157     3
   61  1576     6
   12  1010     8
   63  3337     9
   79  2078     7
   87    25     3
   60   707     5
   22  4335     7
   44  4080     2
    9  1856     2
   48  7577     1
   51  2773     9
   58  7153     2
   49  1009     7
   47   569     2
   14  7637     7
   97  7405     4
   91  5254    10
   49  5258    10
   88  7588     3
   77  4890     7
   91  5028    10
   31  4080    10
   14  1852     8
   38  3854     2
   51  4113    10
   73  6452     5
   56  4447     9
   99  6700     8
   67  5495     5
    2  1643     9
   42  5072     1
   28  7071     1
   13  2653     7
    5   625     9
    6  1365     7
  100  2679     9
   64  1332     4
   27  5700     4
   44  6759     1
   73  3189     5
   75  5493     5
   94  1748     9
   30  2557     7
   24  6502     2
   41  2317    10
   43  2410     3
   20  6123     5
   31  7571    10
   92  7668     3
    8  5926     8
    7  4677     6
   83  4911     3
   39  2222     7
   20  6529     3
   20   981     4
   89  6335     7
   92  5196     8
   76  5428     2
   88  5250     5
   59  2907     3
   77  7071     1
   30  2538     5
   86  2194     3
   90  1940     7
   34  3163     4
   92  3559     9
   90  4620     5
   98  4496     7
   19  1475     3
   33  3595     5
   70  7685     2
   93  6968     8
   26  5343     4
   99  2458     8
   17  5686     9
   66  7661     4
   42  4868     1
   37  4024     4
   96  7447     3
   34  4752     4
   44  2166     1
    3  4339     9
   16  1879     6
   83  4389     8
   22  3084     1
   36  2860    10
   72  2939     4
   14   496     9
   11   503     2
   59   405     8
   73  3403     1
   88  7575     2
   88  2944     3
   59  5597     3
   77  1730     9
   22  6108     6
   51  1371     2
   66  6351     3
   19  2819     3
   69  2846     5
   98  2161     8
   89  2720     4
   61  2030     2
   24  7505     2
   88  5178     2
   78  7716    10
   90  7381     5
   30  2261     3
   14  3956     3
   86  7044     8
   63  7013     6
   57  6122     4
   88  3598     6
   78  1107     2
   40  2726     1
   10  6683     7
   14  3967     2
   11  5666     4
   24  7179     5
   25  4471     3
   69  6072     2
   96  2797     6
   12  4261     5
   57  1232     5
   55   609     9
   88  5992     3
   78  7340    10
    5  1981    10
   53  4558     6
   97  2375     3
   73  4828     4
   51  6720     4
   85  5095     7
   34  6858     6
   74  6440     5
   73  2488     9
   11  6790     6
   63  6037    10
    2  4750     1
   24  2961     9
   48  5296     7
   64  3978     7
   81  1299     2
   36  1109     2
   42  5086     8
   21  4026     2
   45     8     9
   56  1269     9
   31  1908     6
   68  7187     3
   80  5740     2
  100   195     7
   64  2199     9
   91  2216     6
   56  1428     2
   19  2809     7
   78   424     8
   34   983     2
   23  4790     6
   31  4982     3
   31  3358     4
   96  1834    10
   81  3918     7
   16   669     1
   30   908     6
   55  2573     1
   88  3157     9
   41  7698     1
   18   825    10
   89   122     9
   65  2875     9
   65  6122     7
   53  4101     5
   46  4174     1
    1  7231     8
   95  1403     3
   66   415     3
   45  7240     7
   50  2672     2
   96  2323     8
   13  6642     9
   29   628     3
   95  2519     5
   77  1056     8
   19  2845     9
   51  3947     6
   95  3865     4
   97  3269     7
   84  4931     7
   18   871    10
   28   467    10
   14   505     1
   14  2706    10
    8  4385     6
   29  1174     1
   43  3614     5
   63  6959     6
   17  4332     9
   84  3528     6
   80     0     6
    6  4454     8
   48  6404     5
   45  6122     2
   58   771     2
   93  2793     5
   45  5569    10
   52  2174     5
   58  3209     7
   90  5024     6
    2  4847     6
   54  5532     5
    3  3881     5
   30  5475     9
   49   267     9
   79  4938     2
   49   536     7
   99  4215     5
   74  1019     6
   46  3806     3
   83  1361     2
   92  1891     5
   73  4273     2
   97  1866     2
    5  4597     5
   81   874     7
   26  3040     3
   48   427     9
   43    49     3
   42  7372     2
   31  3955     4
   22    49     8
   47  4042     9
   79  2574     9
   66  6172    10
    5  4814     1
   71  5368     3
   11  3957     9
   57  6988     5
   29   792    10
  100  1196     4
   59  4051    10
   83  6325     4
    2  5078     8
   88  1742     8
   31  6593     3
   81  2232    10
   37  2278     4
   30  3023     8
   54  3251     5
   83  6084     7
   12  4384     9
   45  5142    10
   56  2573     9
    9  6250     1
   50  1955     4
   36  3447     6
   34  1506     3
   97  2382     2
   79  3496     8
   76  1094     4
   27  6338     6
    1  3546     6
   23  5137     2
    5  1128     4
   67  1933     5
   28  2166     3
   76  6496     7
   77  5891     3
   84  1370     7
    5  7289     6
   77  7088     7
   42  5421     6
   87  5830    10
   79  4381     5
   30  7163     4
   18  4638     3
   59  6614     4
   67  1657     8
   47  7661    10
   13  2081     8
   50  7742     4
   59  4261     9
   57  7223     8
    5  2530     2
   67  2727     9
    6  1394     1
   41  5977     7
    1  4234     1
    2  3776     2
   20  1689     5
   77  5328     5
   29  2329     8
   20  5235    10
   99  2681     6
   34  3458     2
   87  7169     4
   26  4847     9
   10  2170     8
   64  5275     7
   10  6218     5
   14  1674     4
   40  4579     3
   52  3855     1
    1  7505     4
   18  1175     7
   82  3234     4
   19  4359     7
   77     5     1
   48  4891     1
   65  4235     6
   89  2086     9
   97  4848     5
   24   712     4
   45  1525     6
    2  7379     7
   91  3439     2
   51  2919     6
   42  5572     4
   91  7673     3
   53  6695     8
   61  7261     8
   68  5217     7
   82  1240     6
   81  4712     8
   66   113     3
   16  4698     7
   67  4097     2
   92  4961     1
   25  6868     5
   31  1588     8
    1  3395     5
   39   758     8
   70  6167     1
   53  7250     5
   40   478     2
   88  7343     8
   34  2699     9
   58  4838     8
   65  7348     8
   81  7591    10
   23  1289     4
   53  1650     6
   78  4655     4
   46  2001     7
   98  3175     2
   80  4249    10
   36  5440     9
   48  6094     8
   22  2036     4
   27  5329     2
    1  5005     5
   83  1513     1
   94  2762     8
   82  6245    10
   63  6226     9
   60  2876    10
   98  3159     7
   30  2538    10
   51    52     1
   22  2242     1
   60  4127     8
   52  3448     6
   60  3001     9
   30  2509     8
    4  2913    10
  100  3480    10
   18  2068     5
   38  5612     9
   57   533     8
   82  1632     3
   19  5418     8
   79  1822     1
   35  3282     9
   97  2288     1
   25  3823     8
   32  6457    10
   76  6538     1
   61  1479     7
   80  4767     7
   97   789     4
   87  6809     8
   80  1987     2
   79  2303     5
   81  1786     6
   62   447     2
   42   744     3
   41  4662     6
   59  3606     8
   72  3283     3
   91  4715     6
   81  5849     8
   32  7411    10
   43   378     1
   41  1066     7
   62  2135     8
   47  3292     1
   40  4546     6
   79  4204     2
   84  1119     9
   96  5079     4
   61  5836     5
    2  6538     6
   75  6902     5
   95  1333     3
   99  1042     7
   99  2940     2
   26     5     3
   74  7580     8
   59  4420     9
    5  4772     9
   70   585     1
   46  3444     6
   85  6760     1
   49  2889     6
   27  5231     1
   47  7207     2
   91  3633     9
   67  2109     7
    5  3029     9
   62  6917     1
   58  6824     2
   85  1094     7
   93  6543     1
    1  7203     2
   26  2160     3
   54   894     8
   47  2710     3
   65  6707     9
   33  5099    10
   31  3830     1
   61  4002     2
   93  3150     4
   33  2583     7
   35  3119     6
   88  4483     6
   31  3626     4
   34  6060     8
   14  4489     8
    4  3421     1
   93  2695     6
   18  1477     7
   74  4007     2
   39  6140     2
    3   452     7
   23  6896     7
   65  3587     3
   49  7660     8
   13  2745     6
   32  5696     9
   54  2905     7
   74  1877     6
   89  4736    10
