 500
   12 18607    10
    1 15859     7
   81 10753     6
   80 10817     2
   88 13531     7
   68 14979     3
   92 17438     6
   64 14456     7
   22 12608     2
   93 16695     8
   41 12649     2
   98 14611     5
   21 14466     7
   43 13696    10
    4 14683     6
   46 15684     9
    9 13623     2
   37 10862     3
   75 17366     3
   25 16478     3
   39 10384     3
   28 16457    10
   81 15340     2
   62 13309     6
   75 17065     5
   87 18454     7
   36 17714    10
   32 15239     8
   71 14423    10
   48 13382     1
   78 11427     5
   82 12921     9
   49 19188     8
   59 12127     1
   62 13684    10
   37 12609     5
   26 17053     3
   53 11013     6
    1 17012     2
   48 19607     5
   46 17654     3
   41 19607     3
   46 14109     9
   67 12011    10
   83 13193     3
   49 18738     5
   13 17641     8
   92 16763     4
   85 19546     8
   87 14897     1
   17 13132     7
   24 19877    10
   15 11245     1
   98 18419     9
   86 13077     6
   89 18256     6
   84 16763     5
   21 10681     5
   21 13385     3
   54 11076     4
   69 14010     6
   98 14759     8
   36 13943     3
   18 13088     3
   57 16833     8
   97 17574     3
   54 15643     8
   82 13776    10
   50 18533     8
   54 12545     9
   30 13273     5
   96 16078     1
   94 12042     1
   75 17328     3
   62 18035     1
   77 15182     4
   24 15957     8
   74 15566     8
   69 11836     7
    9 15394     5
   61 10354     9
   85 14914     4
   32 15162     5
   76 11545     9
   82 13223     2
   17 18185    10
   64 19748     4
   66 19933     7
   38 18813     4
   84 13024     7
   20 10899     1
    7 12713    10
   82 17729     4
   55 14789     3
   24 15747     3
   38 14453     1
   52 12254     6
   77 11280    10
   20 18175     1
    1 10677     4
   31 13772     8
   50 11338     5
   96 16701     4
   24 15760     9
   25 18613     8
   58 14626     4
    1 10833     2
   48 14461     5
   32 10083     2
   69 12615     9
   56 19802    10
   92 10384    10
   54 17475     3
   88 14854     4
   67 11876     9
   36 10589     5
    4 12930     3
   31 11515     2
    1 10412     1
   42 11633     7
   15 14485     9
   21 11258     1
   48 14292     6
   97 12105     2
   76 15994     4
   72 19985     8
   35 16504     3
   27 18194     9
   49 11156     8
   54 14569     4
   28 18817     2
   79 14874     5
    4 15854     9
   24 15409     6
    3 10525     4
   29 14358     6
   81 19982     9
    3 11304     6
   76 18765     1
   12 20012     1
   72 13865     5
   32 18457    10
    4 10287    10
   26 11231     7
   20 13202     3
   71 12110     8
   61 11766     1
   23 16078     6
    1 13571    10
   62 12125     2
   65 17657     2
   16 18003     8
   82 13329     3
   13 11840     8
   12 20054    10
   57 19269     6
   84 11716     6
   46 16448     3
   84 17353     4
   32 12819     3
  100 10908     6
   11 16061     6
   10 17639     7
    3 16708     4
   34 11361     1
   13 18111     1
   32 10957    10
   15 11234    10
   16 19362     7
    8 19668     1
   27 11137    10
   87 13117     1
   39 18016     1
   30 11370    10
   12 14295     7
   58 11109     3
  100 13426     8
   73 16008     8
   81 17133     9
    1 16944     7
   34 18079    10
   46 14681    10
   16 14837     5
   16 11299     2
   58 16468     7
   28 14782     5
   73 10458     7
   41 18130     2
   73 11121     7
   56 17758     1
   73 10839     4
   73 11975     2
   67 13710     7
   82 18425     1
   75 18630     6
    1 15017     7
   95 16427     2
    7 19533     6
   15 16198     7
   10 15679     8
   14 19092     6
   41 17281     6
   96 18742     8
   53 16999     6
   71 18597     6
    8 12928     5
   11 18055     9
   70 11914     3
   81 18882     3
   92 15078     7
   71 18805    10
   15 16852     2
   37 19706     6
   87 13533     5
   30 18097     3
   95 16064     3
   14 18261     9
    2 18502    10
   35 14085     5
   86 19328     5
   58 16150     1
    8 14871     9
   58 11194     7
   24 19806     7
   90 13186    10
   33 19771     2
   25 14714     4
   84 19559     1
   40 19194     7
   39 10802    10
   93 15128     9
   53 18177     2
   80 18029     5
   89 13761     7
    5 15067     8
   50 16517     1
   97 16636     1
   15 13012     6
   20 18378     3
   77 15408     4
    6 18037     2
   90 17073     2
   91 12150     5
   43 17634     8
   76 10496     6
   20 10138     8
   37 13588    10
   90 18703     4
   22 18586     8
   72 17620     4
   76 17922     9
   80 14626     8
   79 12381     3
   33 19062     5
    4 14323     5
   68 15514     2
   66 18724     6
   28 18984     8
   51 14964     3
    5 17809     3
   67 19733     7
   44 20039     1
   58 15876     4
   46 17652     2
   32 13691     7
   62 10834     1
   96 14060     2
   28 10217     8
   77 13793     7
   16 12328     5
    5 15572     1
   83 11720     8
    6 19348     7
   95 17668     6
   25 19301     5
   82 19790     2
   15 17752     3
   62 12779     5
   71 18384     6
   37 16228     1
   33 10290     9
   46 16197     4
   16 10745     8
   12 12617     1
   79 15150     9
   19 15015     3
   80 18078     2
   44 13764     4
   47 13889    10
   31 12932     5
   49 11463     7
   13 13512     7
   74 12862     5
    6 17286     1
   59 11055     8
    6 16499     2
   68 18066     1
   55 15061    10
   34 16662    10
   44 11750     8
   70 17336     4
   38 12124    10
   27 13416     5
   75 16575    10
   33 19739     6
   52 12607    10
   56 16256     2
   47 17382     8
   13 15333     4
   26 14530     8
   83 13501     8
   46 15570     2
   71 10618     2
   99 14192     6
   57 18134     2
   49 15714    10
   18 19154     8
   37 16102     4
   93 19424     4
   64 12933     8
   67 18981     9
   42 10778    10
   77 16391     4
   40 11733     4
   48 18010    10
   35 17393     2
   45 18178     5
   15 15967     1
   90 12345     2
   78 14731     5
   59 17663     8
   59 19627     6
   16 16802     4
   86 10970     3
   34 16093     6
   48 16431     9
   37 13524     2
   89 12239     7
   94 13703     7
   49 18804     5
   15 16715     5
   77 17151     5
   95 14264     7
   86 17280     6
   76 11234     1
   51 12288     9
   35 12884     6
   93 10278     9
   87 18337     3
   28 12199     9
   57 13157     6
   54 17208     1
   69 12923     9
   33 19495    10
   93 18888     4
   17 10824     9
   68 16779     1
   38 16957     8
   31 16738    10
   57 19070     3
   16 11578     2
   90 14291     8
   16 18588     8
   31 18326     6
   75 15208    10
   49 14571     3
   79 14648     5
   12 18678     2
   38 16756    10
   72 18298     2
   60 17372     7
   52 13362     4
   49 15339     7
   54 11527     3
   38 10532    10
   24 16520     7
    5 13761     1
   72 13363     5
   17 16744     5
   92 11989     3
  100 15508     4
   73 19848     1
   45 19143     3
   68 18378     3
    5 19234    10
   38 17922     6
   85 19149     1
   72 15903    10
   76 14769     4
   16 15777     1
   29 14863     2
   91 16294     6
    5 20015     8
   44 13341    10
   22 14511     2
   80 15113     7
   92 17859     2
  100 19105     7
   91 13681     8
   29 14505     1
   72 17294     8
   51 10944     5
   81 17813     5
   20 12524     4
    5 12417     7
   18 18292     4
   44 18990     1
   10 16125     7
   90 11545     9
   61 15624     5
    2 18060    10
   89 17000     3
   33 15363     5
   46 17094     3
   57 15269     5
   38 14487     4
   84 14906     9
   41 14308     6
   10 10280     4
   59 19621     2
   56 20031     6
   38 15089     6
   50 15806     8
   61 19936     3
   81 18377     5
   71 10207    10
   41 14939    10
   72 16126     7
   70 19259     6
   32 18567     8
    1 10522     8
   41 16443     3
   82 19457     2
   81 18282     2
   61 18914     7
   87 11764     8
   99 16464     6
    5 17794     7
   97 17835     5
   88 17956     5
   65 13309     2
   98 15786     5
   77 14846     7
   98 18618     6
   44 12770     7
   33 20061     2
   35 12995    10
   27 17622     5
   73 14259     8
   44 13222     4
   86 17134     7
   29 14181     3
   81 18258     9
   35 12830     5
   89 14008     6
   62 16525     4
    5 12984     4
   30 18894     5
   34 12542    10
   75 12134     9
   61 17351     3
   34 13010     7
   16 18523     2
   43 16699     4
   15 11183     9
   76 17328     8
   29 18410     2
   14 17593     4
   81 15012     5
   26 16135     7
    1 15439     9
   45 18268     6
   23 11811     2
   77 10176     5
   43 16776     2
   66 14528     8
   10 10127     7
   77 19718     1
   93 12040     3
   83 14333     4
   20 12830     4
   78 19121    10
   11 18461     7
    1 10978     3
   13 11842     4
  100 12360     2
   62 17450     6
   17 14772     7
   29 11144     7
   96 19939     6
   91 16852     6
   89 18442     9
   30 12840     2
    7 15266     7
   31 15032     3
   44 13969    10
   82 12484     4
   60 13332     5
   57 11453     4
   63 17443     8
