 500
   45 21166    10
   36 19923     1
   81  7701     1
   48  8692     9
   40 15324     8
   62 16333     5
   39 20827     7
   79 15633    10
   78 15140    10
   99 21713     8
   99  8930    10
   29 12863    10
   70 13013    10
   94 12737     9
   79 21804     6
   82 10955     2
   79 19359    10
    7 16312     5
   37 14161     8
   36  8596     7
   67 15173     7
    9 18615     9
   44 18696     6
   91 14429     1
   54 18296    10
   53 16193     6
   97 12103     1
   49 22088     6
   50 13815     9
   83  8967    10
   87  9001     9
   95 12398     8
   19 21363     1
   68  9176     9
   43 13563     6
   58 14103     8
   29 17982     4
   81 11806     3
   37 22209     7
    6 10538     3
   80 10936     1
   36  8555     7
   35 15875     3
   50 16423     1
   29 13766     6
   14 15096     8
   31 19851     2
    8 10541     5
   20  8824     2
   67 11429     9
   44 11611     2
   87 16471     9
   76 22518     8
   87  7723     7
   77  8316     9
   30 18230     7
   39 16390     2
   74 12893    10
   79 17734     3
   88  7622     1
   57 14333     9
   65 19209     1
   82 12494     8
   75 13112    10
   32 20858     9
   24 18530     4
   33 19688     8
   60 16257     2
    5  7753     7
   70 19313     4
   66 19268     5
   85 11163     8
    5 20342     1
  100 12559     7
   34 20059     8
   34 11524     6
   14 20128     5
   65 17327    10
   41 14539     1
   33 21426     6
   32 21230     9
   85 18624     2
   19 15313     4
    8 21164     6
   71 18821     8
   96 16103     3
   37 16811     3
    9 12628    10
   69 21469     3
   15 11961     5
   97 12724    10
   25 13218     2
   80  8587     6
   78 17691     8
  100 18804     1
   11 21919     4
    2 13637     2
   32 15908     8
   71 15592     6
    7 13864     9
    2 12638     2
   36 12276     1
   91 17501     7
    6 10397     3
   36 17309     7
   25 14977     4
   40 14395     9
   49 14854     1
   89  9721     4
   81 21408     9
   82 13696     7
   20  8367     2
   65 17448    10
    1 21483     1
   27 22005     8
   35 13686     8
   97 15002     4
   63 16232    10
   44 18787     8
   65 13887     6
   78 20667     5
   40  8927     8
   90 19579     8
   57 21727    10
   18 19091     6
   90 15799     9
   68 21062     4
   19 10145     7
   22  9124     6
   38 14071     9
   26 16483     6
   23 14236     8
   74 18820     9
   16 11400     2
   29 17106    10
   10 13546     6
   40 18850     6
   68  8918     8
   59 20873     7
   29 21044     9
   48  7742     7
   40 11986     4
   48 21884     1
   12 17663     7
   41 10885     4
   75 21306     9
   46  8766     4
   37 18361     8
   38 14954     8
   90 20026     2
    2  9664     4
   15 13037     2
   29 21427     9
   92 21717     1
   72 12181     2
   46 17935     5
   81 14932     9
   39 10660     5
   65 20553     1
    2 16530     5
   77 17204     4
   91 14452     6
   25  8182     2
   51 13441     2
    6 18325     8
   53 17762     2
   60 19460     8
   46 14592     3
   20 19153    10
   18 17750     4
   74 13052     1
   68 19368     6
   58 22209     8
   22 12353     2
   79 14448     3
   98 10511     1
   96 11075    10
   25 15687     7
   34 21345     9
   33 18503     8
   14 13130     8
   36  8426     2
   48  8957     9
   43 11974     7
   27  7559     3
   19 13611     1
   89 22382     1
    7 14965     2
   58 16744     5
   53 20351     2
    9  8911     6
   35 11364     8
   43 12220     8
   33  9567     8
   85 17278    10
   49  7962     5
   86 19802    10
   45 14155     8
   95 15027     7
    6 16371     9
   62  9321     1
   69 20553     8
   73 13156     5
   20  8947     8
   90 10322     9
   52 20077     7
   17 11931     9
   85 13871     9
   77 13181     3
   51 10693     7
   18  9790     6
   90 18785     1
   86 11592     9
   65 11220     5
   33  8175     7
   12 11625     1
   84 17305     5
   21  7973     7
   19 19063     3
   41 11465     9
   74 20798     8
   27 20448     8
   76 15303     7
   17 10434     6
   60 22488     6
   60  9998     6
   65 10870    10
   46 19706     5
    4 16626     3
   60 18370     6
   51 13494     4
   66 18420     4
   28 16339     3
   24 19123     8
   85 19841     2
   17 19135     2
   76 16617     5
    2  9188     1
    2 10422    10
   52 22272     8
   53 12355     8
   19 12686     5
   42 18473     8
   38 16420     6
   83 16379     9
   74 19122     5
   50 20518     7
   66 11101     4
   95 19568     2
   68 16998     9
    7 15039     2
   68 17783     9
   95 14862     7
   82  7759     8
   84 20690     4
   55 14766     2
   42 10230     4
   49  8976     4
  100 11889     6
   46 19329     7
    8 19820     9
   51 17856    10
   12 15166    10
   35 13576     2
   75 14396     7
   97 12423     2
   52 10127     3
   50  8429     2
   98 14085     2
   53 13023     3
    2  8117     9
   51 18913     9
   72 18182     8
   44 19064     7
   89 12750     5
   55 11978     7
   18 15602     1
   38 10685     2
   21 15552    10
   12 12587     2
    6 20156    10
   27  8008     2
   80  7786     1
    1 12434     7
    9  8240     9
   63 20950     5
   55 19673     9
   51 10943     3
   12 22400     8
   55  8978     5
   96  7689     9
   20 19637     7
    6 19308     4
    7 15328     9
   55 10629     8
   80 11120    10
    4 20225    10
    6 13230     1
   30 12022     2
    2 11727     2
   59 18726     4
   32 12613    10
   52  8057    10
   30 14325     1
   75  9094     7
   40 13280     5
   84 18776     8
   92 17170     7
   78 16439     6
    4 11745     8
    4 22230     9
   84 14011     6
   31 12226     9
   83 22490     9
   84 18919     2
   40 12939     8
   45 20856     3
   39 16009     1
   90 16356    10
   57 20672     1
   94 17461     5
   85 16518     9
   76 17725     7
   99 14185     8
   92  9263     7
   30 20828     5
   79 17778     8
   95 21961     7
   35 11474     6
    8 22274     9
   97 11105     8
   94  7616     9
   39 12304     9
   48 11635     8
   23 14414    10
   14 13872     5
   87 17389     3
    7 10607     7
    5  8458     1
   65 11244     8
   11 14825     4
    9  8104     9
   48 17729     4
   41 19524     3
   91  8010     8
   32 14064     6
   80  9880    10
   36 21340     1
   70 22546     6
   70 18709    10
   92 19429     1
   64 17423    10
   55 12643     8
   67 14571     8
   62  9025     7
   47 14379     5
   97 12815     2
   40 19277     4
   41 13757     1
   32 16763     7
   48 18967     3
   38 17335     9
   25 16853     6
   87  8688     1
   85 21444     7
   48  8684     6
  100 15033     6
   72 16249     9
   54 11764     2
    5 15964     6
   36 19967     7
   65 19063     6
   13 16542     5
   84 15112    10
    6 16003     9
    3 17026     3
   15 21650     5
   86 18356     8
   38 15782     3
   85 21612    10
   55 14482     7
   30 12628     4
   48 16452    10
    9 19598     4
   97 19672     1
   10 17950     7
   55 11394     9
   93  9904     3
   50 14644     1
   96 17625     9
   24 19140    10
   97 11028     3
   33 12376     8
   48 13409     5
   84 12189     4
   17 11237     4
   96 14566    10
   83 19696     9
   89 19959     3
   49 18804     2
   87 13077     5
   24 17343     9
   14 15283     8
   99 22092    10
    7  9871     8
   19  8703     6
    2 16535     2
   22  8937     3
    4 19533     4
   40  9734     4
    6  7966     2
   58 11431    10
   70 14835     7
   53 16892     2
   67  8446     4
   66 11924     8
   62 12259     8
   21 12313     2
   59 14301    10
   12 19376     8
   17 22412     1
   82 10858     9
    8  7820     1
   49 12204     8
   30 16741     4
   91 12483     4
   66 15914     2
   25  8724     3
   74  9595     2
   55 13290     4
   74 20001     5
   61 15145     6
   78  8049     2
   87 12701     2
   59 14654     5
   85 10394    10
    6 13877     8
   61  8606     6
    6 11805     2
    9 10827     1
    1 10813    10
   11 12245     4
   67 14731     1
   70 18122     7
   64 21610     5
   33 15651     4
   35 22520     4
   26 11286     2
   54 20438     6
   93 14237     4
   37  8078    10
   70 20266     6
   75 17569     2
   45  8372    10
   19  9886     4
    5 11726     5
   35 13328     3
   85 18274     5
   29 12924     8
    9 15397     4
   39  8981     9
    3 10341     2
   69  7959    10
   17  9504     1
   90 15516     4
   28 15087     4
    1 12371    10
   95 21866     2
   88 16166    10
    7 16650     1
    4 10110     2
   89 19453     9
   18 21368     4
   70 17314     2
   58 14991     6
   81 20395     9
    3 10381     6
   93 14927    10
    6  9097     1
   56  8235     1
   85 21638     3
   43  9649    10
   26 20974     6
   60 16624     5
   87 10494    10
   44  8277     9
   64 20824    10
   22 16296     2
   29 19025     4
   93 11164     8
   30  9109     6
   68 20480     2
   96 13979     9
   98  9541     5
   84 22457     2
   85 21968     3
   26 17101     9
   85 12245     2
   80 21251     4
   14 10683     8
