 500
   16 10046    10
   10 10780     2
    1  4278    10
  100   664     3
   28  5457     5
   64  5268     9
   18   599     1
   48  6365     6
   57  9395     6
   40  5249     5
   86  2133     2
   85 11185     3
   72  2121    10
   31 12440     5
   78  4510     5
   38  1893    10
   28  5454     4
   80  3247     6
   60 11889     5
   82 11354     2
   41  7041     7
   30 12292     8
   50  6692    10
   15  3777     7
   37 11046     4
   79  1702     5
   37  7307     5
    4  6828     2
   92  8905     9
   66    77     3
   13  2301     5
    8  6214     9
   76 10858     5
   13  6579     5
    7  6878     1
    3  3578     9
   77 11848     3
   25  7478     2
   51  9943     5
   33  8506     9
   64 12727     6
   36 12077     6
   17  6955     1
   36  2112     6
   67 11780    10
   95 11466     6
   74  4005     5
   94  4497     4
   75  1977     2
   34  3158    10
   75  3115     5
   15  9018     8
   63  2713     7
   25  9808     4
   30    58     4
   99  1023     1
    4 11510     8
   67  7366     9
    2  7852     2
   95  7679     7
   32  7443     1
   14 10153     7
    2  1156     5
    8  5565     6
   27  3996     1
    9  8035     6
   10  9143     4
    3  3107     4
   33  2776     7
   61  6349     9
   36 11614     2
   97  2767     3
   96  5690     4
   53  5832     3
   33  4879     8
   63  4733     4
   47  4562     8
    7  8885     2
   57  9231     8
   21  6539    10
   40 12043     2
   31 12346     2
   36  2821     7
    2  2020     8
   56  9418     6
   66  2880     1
  100  3044     9
   59  8192     4
   32 10246     9
    2 10896     1
   54  3134    10
   64  4953    10
   16  8313     7
   56  4290     5
   71 10518     5
   42 12309     7
   64 12326    10
   81  6924     9
   45  2679    10
   97  2365     6
   41   537     7
   81  1557     2
   94  5132     8
   36  6228     1
   33  7390     4
   26 10012     6
   99 10961     5
   79 11952     2
   32  6160     8
   55  7455     2
   99  5755     1
   72  5467     9
   86  7065     3
   35  8576     7
   73  7487     7
   41  3746     8
  100 11456     8
   73 10531     5
   99 11938     1
   31  8966     7
   75  8691     5
   52  2335     1
   94  1183     6
   90  4267     1
    7  6626     5
   64 11701     1
   32  3839     8
   71  6216     4
   45  5889    10
   77  6519     8
   68  8581    10
   85  6427     7
   57  8076     9
   61   977     7
   21 12655     7
   89  2730     2
   87 10990     3
   19 10880     2
   67  1945     4
   19  4413    10
   73  5598     3
   66  7700     4
   90  9880     8
   58 12664     6
  100  3540     1
   63  4631     4
   99  3673     4
   99  2260     8
   35  2426     9
   97  2875     4
   30 11226     4
    9 11117     3
   49  5211     5
   24 12409    10
   99  2648     3
   56 11838     9
   88 11374    10
   31  6488     1
   26  5317     2
   32  4527    10
    7   270     8
   93  1162     1
   16 10954     6
   63  8347     6
   54  2140     8
   36 10873     3
   51 11078     8
   40   393    10
   54  9016     4
   18   286     1
   58  4806    10
   27  1878     7
   83  7987     5
   48  1950     7
   85  1805     2
   83 11527     5
   10  6582     1
   84  5479     5
   82  1051     3
   44  9008     9
   80  8355     9
   11 12277     7
   53  7388     1
   29   829     3
   34 11950     6
   52 10036     4
   84 12668     2
   21 10587     6
   82  3788     4
   10  5248     3
   52  2378     5
   88  4059     2
    3  6410     4
   67   596     1
   50 12407     8
   56  8551     2
    3 11469     3
    1 10748     6
   95  8944     2
   57  7749     7
   18 11035     6
   53  1014     1
   83  9627     3
    1  6285     1
  100  2965     8
   68 11432     5
   83  5076     6
    9  9547     8
   51  4175     9
   64  6127     8
   53  5818     6
   31 12530     8
   75  5668     4
    6   470     7
   60   622    10
    9  4881    10
   57 10507    10
   43   553     1
   29  2732     5
   38  1558     4
   53  5802     4
   81  5110    10
   25  5617     5
   55 12213     8
   48  5706    10
   75  5287     3
   11  8027    10
   50  4439     3
   75  3299     8
    6  4235     1
    6 12188     9
   93  1597     4
   58  5249     2
   89  9078     2
   94  7882     4
   58  8214     9
   57  7774     6
   76   222     9
   67  5025     6
    8 11949     4
   40  6350     7
   20 10843     2
   39 11742     1
   15 12018    10
   25 11314     8
   98 12365     1
   23  4162     9
   81  9084     8
   41   182     2
   52  6895     4
   19 10642     1
   93  5985     5
   32 12005     3
   44  3523     6
   48  5461     3
   80  4975     2
   18  8811     9
   58   751     2
   29  9414     4
   93 12110     6
   63  4987     3
   35  8865     3
   86   970     9
   21 10236     4
   24  5207     4
   79  8853     3
   78  5714     2
   81   244     9
   55  9076     2
   45 10739     8
   88 12194     3
   95  2689     8
   64  8846     9
   26 11199     4
    9  1970     8
   89  7423     6
   24 10828     5
   32  6133     7
   70  3770     3
   64 11011     6
   83   291    10
   88  1676     4
   57  4259     1
   15 12296     3
   31  5199    10
    4  9721     3
   94  4534     4
   49  1274     8
   62 10473     5
   22  1212     8
   42   648     4
   24  2723     7
   57 10077    10
   27  1618     3
   45   222     1
   80  2547     4
    5 10472     5
   23  5937     2
   61  2791     3
   59  6811     6
   67  3939     9
   48  2248     6
   53  9501     4
   31    49     8
   74   711     9
   62 11471     1
   20  7472     4
   97 11540     4
   93  4867     7
   89 11243     6
   61  9815     9
   75  5158     7
   77   182    10
   17  1337     9
   89  4718     9
    8  5382    10
   21 11058     2
   82  9253     3
   57  6656     8
   82  8794     7
    4 10465     1
   98  7304     1
    6 11517     4
   61  7805     1
   24  8923     3
   50 11740     4
   41 10353     4
   28  6659     8
   72  4940     6
    1   408     6
   87   734     3
   39  8880     5
   49  2657     2
   40 10235     6
   70  8929     2
   22  3369    10
    1  8969     7
   89  3665     5
   18  2172     4
   94  1100     4
   77  2171     1
   79 11987     2
   69  6258     1
   54  2353     1
   95   588     1
   57 10977     9
   61  7736    10
   16 11647     3
   39  7493     2
   17  1656     8
   98  7704     9
   43  5221     2
   15  8961     8
    3  6485     3
    3   290     2
   38  5147     1
   53  5489     6
   44 10643     5
   66 11807     8
   24 10430     2
   44 11052     1
   52 12541    10
   63  6573     6
   92   972     3
   92 10039     6
   32  2766     8
   14  4341     3
   93  6272     3
   20  6431     2
   32  6513     6
   86  7373     7
   97  8602     3
   10  5764     7
   54   895     7
   50 10956     3
    5  6353     8
   11 11872     6
   11  5955     3
   20  5263    10
   50  6628     7
   28  7611    10
   17   231     9
   92 11850     8
   42  3835     8
   19  6717     2
   95 12140     9
   79  8983     8
   72 12206     8
   39 10047     4
   44  8053     6
   95  9899     9
   82  8362     5
   96  7858     6
   58  3736     4
   74  9335     7
   87  5161     1
   89  6502     1
   87   939    10
   79 11434     4
    8   196     3
   18  7453     5
   65  6070    10
    4  8799     6
   28   480     1
   18  6965     6
   54  7018     8
   32  6834     9
   29  6100     1
   64   236     1
   51 12097     9
   78 12729     8
   91  7848     1
   68 12328     8
   70 11842     5
   33 11684     9
   86  6308     9
   64 11246     4
   11  7930     6
   58  5777     6
    2  8557     8
   55  3247     1
   52  2940     4
   84  4183     3
   51 11106     6
    9  6676     8
   58   781    10
   37  3530     7
   98   442     9
   45  1720     9
   16  2228     1
    5   638     2
   63  9174     3
   81  8298    10
    9  9438     7
   90  9655     4
   99  2526     6
   63  3719     5
   21  3752     3
   27  8627     7
   26  3955     5
   72  3112     1
    5  8620     4
   17 11804     6
   39  2703     8
   74  7725     9
   49 10751     4
   25  9012     6
   38  6235     2
   60  5944    10
   82  2053     1
   39  2056    10
   15  9192     1
   34  4994     5
   23  6240     2
   65  7561     7
   43 11670     2
   81  7021     2
    2 11092     4
   40 12113    10
   25  8742    10
   18   583     4
   45    15     1
   88  5179     3
   98  8882     4
   54  9453     7
   77  2098     7
   96 11409    10
   16   435     2
   98  5850     9
   23  7299     6
   42  4391     6
   70  8962     9
   27  3182    10
   59  3458     2
    8 11666     6
  100 10908     8
    8  1472     5
   33  7942     2
   37  4407     9
   67  7417     5
   15  9995     2
   76  6464     9
   81  3873     5
   48  2252     6
   99 12704     1
   46 11435     1
   91  1186     8
   79  6988     2
   47  9791     4
   30   562     8
    4  2994     2
   64 10374     8
   75   578     8
   91  8174     4
   61  6520     1
   28 10031     5
   67 10272    10
   57  5192    10
   44 10466     6
   65  3385     8
