 500
   35 14346     2
   25 20068     3
   26 15660     4
   92 16471     5
   54 21614     6
   45 16598     7
   32 19403     9
   38 21558     9
   27 22215     2
   80 15078    10
   19 23671     7
   77 18994     3
   60 14601     8
   34 17020     1
   94 14588     4
   65 14859     9
   33 14870     3
   29 15113     4
   43 18463     5
   25 21025     1
    5 16301     9
   52 16243     1
   16 16345    10
   11 14391     5
    1 17283     1
   20 16769     2
   39 19956     5
   83 21749     9
   68 18147     6
   71 22384     5
   43 18057     7
    3 18194     8
   96 18618     8
   68 19418     1
   94 20366     2
   50 16397     4
   13 21717     7
   26 15934     1
   87 23655     2
   39 20097     9
    5 16713     1
    5 23492     9
   16 15257     1
   65 17015     9
   39 16677     9
    9 15545     5
   30 17574     7
   71 17248     1
   38 16359     9
   73 21738     2
   96 14439     2
   42 18361     7
   25 23681     2
   11 16484     1
   52 18453     1
   25 17129     2
   31 18954     3
   91 14574     6
    7 15043     1
   98 22801     8
   62 22659    10
   49 18801     7
  100 17161     5
   58 17442     8
   17 14385     7
   94 23227     7
    7 19540     1
   29 21803     4
   20 15326     8
   93 19361     3
   68 18066     3
   25 17740     8
   98 19018     1
   83 19023     3
   90 20455     6
   36 21396    10
   92 20269     8
   19 23729     3
    7 14809     1
   29 22329     6
   92 21632     4
    2 14949     2
   71 16855     2
   16 21479     6
   13 17134     3
   22 21009     3
   41 14773     8
   43 21788     5
   13 21283     8
   47 15517     8
   41 20755     3
   75 20108     8
   96 20019     5
   41 23616     7
   32 23250     5
   13 20105     2
   35 23008     4
   38 18956     6
   42 18073     6
   54 14500     1
   31 14482     8
   10 21839     8
   78 17940     8
   29 19201     9
   92 17028     1
   68 14560     3
   64 16762     9
   83 22998     8
   87 14455     6
   71 17272     9
   12 21492     4
   78 21788     9
   72 17922     1
   82 14512     5
   94 19432     4
   85 20756     3
    4 21222     8
   34 19906     2
   28 18709     7
   17 18670     5
   81 21123     9
   69 15630     9
   91 14944     2
   77 17308     4
    9 15411     6
   22 14359     7
   90 23113     5
   43 14585    10
   59 19016     2
   31 17352     1
   97 14785    10
   90 19199    10
   41 15357     8
   75 18426     8
   18 14565     9
   32 18085     8
   42 18687     1
   82 17028     7
   15 17248     6
   28 18843     6
   52 20001     5
   27 14905     9
    6 16796     4
   24 23623     6
    9 15118     4
   99 21929     8
    8 20544     8
   12 22040     1
   33 18000     9
   36 15419     5
   28 16876     6
   13 15289     8
    4 16749     4
   18 17520     8
   90 18297     1
   13 17861     9
   40 17580     4
   79 17576     6
   55 18146     9
   99 22296     6
   10 20628     6
   52 18632     8
   88 17661     6
   50 21685     3
   26 22758     6
    6 17926     4
   82 15936     1
   67 17611     6
   87 20655    10
   96 18885     6
   95 22154     2
   38 16821     5
   23 19491     5
  100 15116     5
   61 16609     1
   31 20309     8
   99 22745     3
   69 22854     8
   42 18515     9
   31 16911     2
    5 14438     2
   70 21091     4
   44 17900     9
    8 16888     6
   88 14777     1
   33 21898    10
   20 20449     4
   27 18058     5
   11 15640     5
   75 14761     3
   26 16519    10
   21 21968    10
   26 19093    10
   13 19880     5
   70 19819     3
   51 18017     6
   19 23507     9
   52 21456     4
   18 21328     1
    5 20327     9
   47 16506     9
   12 19647     2
   43 22849     3
   70 21697     4
   11 20463     7
    4 15623     3
  100 18172     2
   10 19374    10
   72 14643     1
   42 22387    10
   40 21985     1
   77 14781     3
   11 19644     4
   83 16051     9
   84 17370     8
   99 20121     5
   15 23650     8
    4 23519     2
   26 14344     9
   26 15455     3
   79 14446     4
   51 16564     8
   47 23124     2
    4 19239     4
   64 22145     3
   17 19108     5
   55 22957     9
   82 21818     1
   68 16729     8
   72 20450    10
   86 18311     9
   15 18936     7
   84 16263     2
   29 17325     2
   84 16798    10
   95 22427     9
   32 18648     5
   83 20670     1
    4 17966     8
    3 18991     5
   24 19223     1
   43 16117     8
   79 19473     8
   35 15032     5
   26 17868     7
   63 22544     5
   33 20854     9
   40 17684     5
   67 22229     6
   59 20899     7
   66 18839     7
   45 22375     9
    9 23164     5
   12 18128     9
   48 17780     2
   73 21475     8
   28 22937     3
    3 16902     1
   54 19458     8
   96 15831    10
   75 23052    10
   40 23469     7
   10 20468     7
   58 15480     1
   68 16960     8
   93 22966     6
   52 23607    10
   99 21308     3
   76 19802     7
   55 17739     7
    2 16465     7
   99 15190     8
   98 19556     5
   81 21639     5
   34 15922     2
   23 23125     1
   44 20348     9
   67 22476    10
   63 16974     6
   10 18742     4
   25 19541     7
   28 21514     2
   55 17283     3
   34 18870     1
   40 15807    10
    3 20763     5
    6 16510     8
   68 14909     3
    5 23365     6
   60 21669     6
   63 16441     3
   79 22582     5
   99 21303     2
   73 22609     9
   36 23763     6
   67 14428     9
   66 21741     5
   88 23536     5
   66 21437     2
   41 17708     1
   43 17440     2
   68 23603     8
   40 18599     9
   40 22697     6
   48 21408     3
   73 20221    10
   62 21988     7
   92 17922     1
   39 18863    10
   24 15127     2
    2 22365     5
   63 14569     6
   52 22342     3
   56 15813     8
   97 19140     7
   92 14314     3
   58 22276     2
    2 21350     5
   59 14924     6
   63 21806     7
   61 19184    10
   22 17065     8
   41 20553     2
   60 16653     1
   95 15840     6
   77 20482     8
   27 16782    10
   60 23282     1
   64 20183     2
   93 14385     1
  100 17155     2
    6 23323     4
   60 23689     9
   40 21454    10
   46 22186     9
    8 21262     1
   12 17841    10
    7 20339     5
   99 15350     2
   51 22405     9
   31 21167     7
  100 23415     6
   13 22675     4
   83 19674    10
   56 15393     3
    9 17980     1
   74 19689     2
   13 23369     5
   11 15496     5
   33 20313     7
   76 21340     2
   72 20381     4
   55 23079     5
   16 18059     3
   32 22734     5
   49 15084    10
   93 14706    10
   58 15682     5
    9 14532    10
   56 20589     2
   50 15767     5
    8 17387     1
   62 20078     6
   10 15622     4
   48 15007     1
    8 18429     4
   17 22584     5
   59 18549    10
   15 14934     9
   16 23635     6
    9 17119     8
   46 21802     5
   15 23215     2
   22 15959     2
   28 17642     4
   71 14773     4
   31 19640     2
    2 23031     6
   84 14307     9
   41 20836     7
   35 19510     3
   59 21347    10
   12 17382    10
   89 18754     7
   74 15571     3
   44 16282     5
   38 19539     7
   67 15978     3
    2 17664     9
   46 19771     6
   22 22267     5
   51 19132     4
   54 22859     7
   84 18510    10
   61 20454     7
    1 23567     8
   92 22640     3
   77 19204     2
   60 18281     7
    6 23275     2
   92 19004     7
   68 21101     5
   51 21242     7
    7 18384     8
   90 22761     6
   78 15050    10
   77 18857     2
   20 18566     8
   80 23781     6
   61 18865    10
   61 15568     4
   14 19456     8
   19 16378    10
   73 18651     4
    3 14376     4
   93 17650     2
   16 20633     8
   40 19615    10
   59 19328     4
   17 14463     6
   86 15551     6
   81 17760     8
   68 19295     9
   40 14576     3
   65 21971     7
   28 15915     6
   40 14308    10
   56 20777    10
    4 20819     7
  100 18289     6
   61 20217     2
   96 15989     4
   68 15555    10
   11 17625     8
    2 20074     2
   57 14481     6
   89 18375     7
   79 15097     3
   77 18748     3
   68 18321     3
   39 19662     3
   37 20016     7
   82 23478    10
   57 21740     2
    9 14832    10
   84 23554     3
   50 15556     4
   24 21166     8
   23 19335     3
    8 20584     7
   41 21329     3
    9 20587     9
   88 14510     5
    8 16790     2
   48 20863     1
   52 22181     2
   36 18405     8
   88 20871    10
    7 19123     2
   39 15390     5
   87 15326     6
   68 15506     3
   35 17080     8
   54 16582     6
   79 18831    10
   36 22854     9
   11 16764     2
   68 22906     7
   15 23651     2
   87 21212     4
   36 17393     9
   53 19479     4
   23 17394     1
   17 17036     8
   10 17384     6
   31 17927    10
  100 16756     1
   59 18640     9
   55 15259     7
   23 21791     4
   67 15390     6
   95 22289    10
   31 18544     2
   54 15600     1
    3 15244     2
   78 15572     2
    6 23481     2
   38 19350     9
   65 22144     2
   13 18770     3
   77 20441     3
   51 23170     8
   80 19976     6
   11 23221     1
    5 15918     4
   59 14972     5
   47 22240     9
   15 18382     5
   26 23579     1
   62 22057     1
