 500
   13  9793    10
   81 11994     7
   55 11758    10
   85 11429     1
   78 10663     1
   21 11747     1
   23  9449     5
   67  9713     9
   26 12628     3
   62 11579     4
   94  9831     2
   19 10931    10
   86  8736     6
   15  8702     2
   15 11741     2
   63 12211     4
   68 10274     4
   70  9215     5
   17  8309     2
   33 10433     3
   98  8973     5
   82  7972     2
   74  9340     2
   45 12490    10
   43 10927     7
   42 10237     4
   89 10968     8
   90 10263     2
   74  9476     6
   84 10907     2
   89  8578    10
   87 11466     6
   65  9896     8
   43 12533     9
   71  9890     6
   43 12756     9
   63 11274     9
   94 11536     1
    9  9464     7
   89 10897     2
   56 10110     4
    3 11493     8
    8  8823     1
   41 11043    10
   17 12392     9
   22 12761     3
    4 10249     3
   85  9660     3
   92  8970     7
   20 10755     4
   18 12291     5
   89 10141     2
    2 10925     6
   91  8625     6
   34  9625     1
   44  8846     2
   33 11059    10
   23 12790     9
   33 11307     3
    7 12732     6
    7 10692     1
   21 12082     2
   93 11193     1
   72 12785     9
   64 11610     1
   64  8077     7
   14 12536     7
   26  9879     9
   58 11811     7
   22  8994     3
   15 12973     1
   13  8915     1
   24 12684     1
   22  8791     2
   54 12156    10
   41 12071    10
   44  8547     4
   58  9400     3
   25  8725     2
   35  9715     1
   77 12353     7
   43  8010     7
   24 12053     2
   78 10272     2
   34  8832     3
   57  8672     3
   22 11316     3
   66 12089     3
   80  8457     2
   55  9617     6
   73 11816     8
   86 11346     2
   75  8693     8
   66 10003     8
   57 11126    10
   38 12501     8
   30 10278     5
   70 10656     6
   64  9374     7
   87  9083     1
   92 11848     9
   78  9342     8
  100 10196     2
   16 11527    10
   99 10330     9
   54  9347     1
   56 10592     9
   42 11074     3
   11 10945     4
   81 11514     1
   77 12986     3
   87 10292    10
   23 11722     8
  100 12033     4
   65 12762     1
   56 12752    10
   57 12903     7
   87 11072     4
   22 11835     2
   36  8354     8
   41 12886    10
   95 10646     9
   22 11897     9
   16  8574     8
   60 12846     7
   79 10018     9
   54  8069     5
   89 10119     2
   48 12871     4
   17  9640     2
   76 11400     3
   40 11714     2
   95 11179     9
   76  8590     4
   55 10235     2
   94  8504     8
   29 10135     4
   11  7821    10
   36 11776    10
   39  8074     8
   91 11533     1
   12 11756     3
   26 10564     7
   14 10250     9
   12 10784     7
   91 10320     8
   70  9996     8
   68 10682     3
   77  8386     1
   91  8826    10
    3 11233    10
   17  8267     1
   85 11669     9
   25 10125     9
   32  9038     8
   45 11510     5
    3 12340     7
   86  9304     3
   34  8623     7
   51 12206    10
    3 11142     4
    9 12220     9
   90 10914     2
   97  9316     3
   85  7805     2
   45  8144     3
   90 10017     1
   13 10138     5
   55  8163     3
   26  8787     1
   51 10410     3
   46 11893     4
   37 12741     3
   76  7968     9
   59  9138     2
   49 10520     9
   66 10485     6
   28 11331    10
   16  8196     1
   43 11069     7
   19 12355     9
   19 11626     1
   59 11533     8
    4 11018     7
   43  8746     9
   91 12768     5
   49  9523     2
   45  8080     6
   77  9066     7
   82 10344     8
   95 12484     5
   79 12405     1
   91  9559     6
   85 10393     7
   75  8715     4
   75  9562     7
   29 10734    10
   65 10930     5
   87 11897     2
   83 11095     3
   90 11915     5
   38  9301     4
   28  9983     7
   27 11650     7
   14  9466     2
   87 11318     8
   76  9164     6
   79 12149     8
   15  9643     8
   91  9558     6
   22 10212     5
   34  8993     6
    9  8179     7
   81  8739     2
   37 12209     2
   52  9122     5
   72  8502     7
   85  8726     3
   96  9400    10
   48  9766     4
   67 11267     1
   91  8878     5
   26  9166     5
   57  7821     6
   75 11468     2
    1 10079     8
   32  9580     2
    4  9197     2
   65  8003     2
   18  8471     4
   86 12489     4
   55 12115     7
   56  9970     7
   14  9466    10
   82 10760     3
   69 11633     9
    1 12982     8
   57 12122     8
   48 10777     7
   15  9620     5
   48  8674     4
   69  7984     1
   49 10810     1
   56  9050    10
   49  8921     3
   86 10013     2
    7 10370     5
   20  9620     9
   70 10937     5
    3 11967     5
   67 11583     3
   37  9198     5
   93  7840    10
   93 12947     7
   93  9217    10
   68 11506     2
   93 10020     4
   24 10994     2
   71 12900     3
   58 10221     6
   42 11662     5
   57 12384     7
   13  9330     2
   97  8627     2
   71  8845     7
   95 12288     5
   65 12458    10
   71  8821     5
   51 11404     3
   12 10229     7
   86 10638     9
   99 12276     7
   81 10410     7
   34  8443    10
   55  8321     7
   29 11528    10
   19 10653     1
   62 10888     1
   48  8143     9
   89  8584     6
   64  9850     6
   15 11924     1
   26  9980     1
   57  9887     5
    7 11865     7
   18 11394     1
   25  8387     7
  100  8879     1
   42  9383     2
   96  8282     9
   57 11297     6
   84  8040     7
   52 12863     6
   69 12825     8
   80  8864     8
   23  8703     2
   63 12108     3
   45  8316     8
   93  9722     6
   14 10507     5
   57 10742     4
   79 12557     5
   12  9777     1
   37  8147     1
   13  7995     4
   67 10295     7
   65 11873     1
   32 10845     5
   28  8178     8
   13 12213     9
   21 11627    10
   92 10225     3
   28 11131    10
   46  8602     1
   48 12310     8
   34  9991     6
   63 12194     1
   73 12895     5
   33 11068     6
    5  8571     2
   68  8171     3
   90  9360     2
   88  8808     9
   20  8029     8
   58  9180    10
   68  9870     7
   42  8930    10
   21  8282     2
   13 10383     4
   35 10849     5
   35 10986     6
   69  8120     8
   14 10401    10
   47 12960     7
    5  8464     9
   26 10593     3
   13 10250     4
   70 12534     9
   58  8433     8
   40 10626     2
   83 11742     8
   78 12258     8
   32  7846     5
   10  9868     7
   23  7854     8
   80 12353     3
   44 12056     2
   86 12246     8
   52 12243     7
   76 10119     8
   90  7811    10
   20 12612    10
   66 11676    10
   78  8817     8
   39 12839     7
   24  7850     9
   45 10884     4
   81  8763     7
   44  8330    10
   58  8262     8
   15 11809     1
   79 11513     6
   26  8579     5
   29  9205     1
   25 11468     3
   31  9240     4
   54 11995     4
   38  8713     7
    1  8769     2
   11 12625     1
   78 11536     8
   83 12708    10
   89 11878     8
    9 11579     2
   92  9571     6
   11 11929     6
   88 10927     5
   35  8622     8
   96 11170     3
   39 10164     1
   11 10938     6
   86 11179     2
   59  9770    10
   76  9609     5
   63 12193     9
   97  9604     7
   99  9656     3
    8 10072     3
   77 10564     3
   43 10184     3
   65 10531    10
   92  9368     4
   21  8691     8
   90 11308     5
   20 10770     4
   46 12357    10
   21 12745     8
   74  9760     7
   83  8064     7
   21  8509    10
   85  9380     7
   60 11798     4
    3  8212     9
   73  8252     5
   68 10372     6
   95  9980     5
   83 12379    10
   55  8293    10
   29 10799     3
   79 10543     3
   94 10655    10
   40  8732     8
   64  8716     4
   52 12623     9
   15 10538     2
   26  7904     3
   49  9221     6
   14 12392     4
   34 10174     6
   26 11983     8
   56  9570     7
   98 12903     5
   18  8345     1
   76 10458     4
   88 11205    10
   37 11313     5
   21  9810     4
    9 10944     8
   11  8067     1
    4 10072    10
   29 11651     8
   95  9644     8
   63  8864     4
   31 12060     7
   68 10093     3
   30 11433     9
   25  9034     1
   50  9466     2
   85 11924     8
   54 12031     3
   29 12207     5
   79  9573     7
   93 12960    10
   92  7917     8
   31  9191     6
    8 10493     2
   18  8018     1
   80 10610     1
   21  9879     6
   51 10390     6
    5  9587     9
   77 11646     2
   49 10287    10
   22 10129    10
   52  9099     5
   36  8486    10
   59  8437     4
   73 11106     9
   44 11628     7
   69  8701     5
   76  8172     9
   73 10273     5
   64 10542     2
   39  9233     2
    4  9328     1
   31 12833     5
   69 12864    10
   29 10559     2
   81  9294     6
   53 11782     7
   82  9585     5
    9  8495     1
   32  8350     4
   75  9540     5
  100  8609     8
   62  9738    10
   82 12230     6
   17  8825     8
   41 12546     1
    3  9103     1
   68 11412     4
   46  9127    10
   79 12946     2
   16  8694     4
   67 11454     9
   31  9039     7
   52  9377     3
   25 12088     2
    4 12342     6
   96  8000    10
   94 12986     6
   79 12712     4
   68 10471     4
   57 10523     8
   18  8939     5
   71 11996     5
   88 10350     2
   86  8798     5
   99  9549     6
   68 11841     8
