 500
   97  4081     6
   92  1362     9
   31  8711     3
   22 10068     9
   62  6284     6
   58  3115    10
   51  2414     8
   84  1439     3
   20  2437    10
   74  7441     7
   85  7920     2
   57  6009     2
   13  6771     2
   93  6639    10
   31   899     1
   17  7124     6
   90  8246     9
   15  3252     2
   82  7343     4
   47  2434     2
   33  3875     4
   65  1833     5
   82   971     4
    5  6310     1
   42  5360     6
   61  5682     8
   78  5119     6
   11  7359    10
   87  2578     2
    1  3392    10
   61  5808     8
   84  6659     8
   92  4754     9
   91  4310    10
    5  6519     6
   54   829     4
   48  7426    10
   56  8933     3
   38  2269     7
   67  9863     9
   29  6166    10
   22 10190     8
   24  5664     1
   42  2728     2
   14  6620     8
   55  6564     1
   58  9853     7
    3  4658     6
   70  9817     2
   40  6987     1
   49  7092     8
    2  3483     6
    5  8821     5
   31  8064     2
    6  9794     6
   46  3972    10
   91  3538     9
   84  4704     1
   57  1123     9
   78  6116    10
   84  8096     1
   17  6931     6
   62  2567     7
   76  2642     9
    7  1032     6
   67  9086     3
   29  3472     2
   55  8459     6
   22  7811     6
   66  5741     8
   22  8114     4
   51  3768     5
   88  5722     6
   45  3569     5
   92  6497     6
    2  2134     3
   99 10134     6
   49  6141     3
    5  6792     9
   68  9742     8
   88  2920     3
   54  3676     6
   70  3016     3
   93  1533     7
   84  1532     7
   76  2602     8
   38  5506     7
   75  5071     6
   59  7306     9
   94  6629     5
   53   979     6
   42  5194    10
   11  3351     1
   14  3546     2
   17  7837     8
   18  4384     7
   81  2424     5
   46  1100    10
   72  2634     2
    3    27    10
   12  6842     8
   93   539     6
   53  3795     4
  100  2356     4
   38  4109     1
   44    84    10
    1  4490     7
   37  4034     6
   93  6225     2
    5  1074     5
    5  3567     3
   81  9146     4
   58  4751     1
   74  6584     6
   73   470    10
   42  6283     8
   49  9186     3
   11  5976     6
   16  1146     3
    7  6284     2
    5  2396     1
   68  2125     9
   49  1270     1
   15  5748     2
   82  5671    10
   66  9107     9
   32 10132     8
   63  8096     5
   11 10208     8
    4  2557    10
   65  8123     4
   23  6841     6
   96  3097     5
   17  1710     8
   22  9197     9
   34  7206     5
   61  1794     8
   22  3479     6
   70  1031     1
   54  8020     9
   27  4553    10
   74  4599     3
   35  6957     3
   85  9304     1
   47   975     8
    8  7428     3
   26  5379     8
   95 10161     1
   18  3196     9
   41  6525     1
    2  6237     3
   22  5593    10
    9  8650     9
   50  7507     4
   37  1132     1
   91  4113     9
   15  6405     2
   69  1055     9
   53  2000     3
   26  6405    10
   72  3613     8
   18 10124     7
   48  3037     5
   68  6710     3
   35  1625     5
   70  2025     4
    1  3707     7
   96  3419     2
   92  5505     9
   70  4739     7
   50  1231     1
   18 10058     9
   43  9338    10
   84  8188     3
    2  9154     9
   90   104     8
   91  5408     5
   27  4325     7
   85    57     8
    9  8604     4
   68   642     8
   86  6294     1
   31  3988     3
   77  9293     6
   36  3593     4
   67  5120     3
   68  3197     5
   51  9999     5
   35  6176     1
   21  5198     8
   76  6195     5
    7  9790     9
   38  5114     4
   24  9232    10
   74  6291     1
   72  6739     9
   94  1049     4
   74  9999     8
   67 10159    10
   85  6554     2
   43  4530     4
   16  1181    10
    2  6404     1
   86  3660     4
  100  9370     3
    4  5350    10
   75  3765     1
   91  4569     8
   31  9675     6
   59  3822     9
   99  2965     1
   99   108     3
   45 10117     9
   29  6953     3
   75  9402     9
   80  3502     3
   96  1865     5
   43  2391     4
   31  3292     8
   31  8042     6
   63  7589     1
    7  9487     2
   37  7623     4
  100  2495     5
   30  8511     2
   10  3706     5
   72  9234     3
   23  9561     5
   83  3496     2
   39  9184     3
    8  5907     7
   26  8027     5
   55   156     2
   10  2102     7
   11  1478     9
   54  9526     5
   13  7452     6
   86  5243     9
   45  3887     2
   44  6919     2
   44  9066     8
   43  6852     2
   43  7027     5
   88  8975     7
   72  3597     4
   18  6220     4
   68  2268     9
   68  5462     9
   60  8612     7
   98  5560     6
   98  3296     5
   22  5993     7
    4  4839     8
   35   710     8
   22  8488     2
   34  3141     9
   44  4416     2
   93  7513     4
   57  2494     3
   27  7913     3
   31  6489     6
   64  8401     9
   52  5731     8
   86  6645     8
   74   294     6
   63  7210     7
   40  5963     2
   87  7747     1
   48  2244     5
   84  9851     4
   30  4457     3
   92  1102     3
   26  6495     5
   72  1276     7
   80 10077     9
   98 10092     9
   89  7497    10
   48  2136     8
   65  5346     8
   48  5900     7
   45  7697     3
   62  8642     2
   70  1684     4
   49  2327     1
   96  9353    10
   91 10172     5
   83  5469     9
   40  3561     2
   83  7476     8
   39  7964     2
   67  1265     5
   14  3757     4
    3  6156     1
   19  6997     3
   99   193     1
   76  6451     6
   81  3998     9
   39  6157     3
   63  3989     7
   29  6243     3
   22  5800     6
   92  8446     9
   21  7345     6
   47  2086     1
   64  9723     6
  100  7213     4
   45  1970    10
   53  7011     6
   47  9350     1
    9  7316     8
    1  2702     2
   92  6838     4
   71  5750     9
   70  4386     5
   41  9166     4
   66  4895     9
   61  4350    10
   23  4427     3
    6  8456    10
   44  1618     7
   61  2182     4
   72  9722     5
   58  5375     1
   64  8338     5
   90  6511     7
   56  5569     1
   40  4580    10
   71   300     5
   95  1518     4
    2  8570     7
   99  6544     8
   16  7318     9
   94  6808     5
   19  3681     3
   62  9405    10
   57  6322     1
   19   686     7
    7  1166    10
   10  3124     6
   65 10036     8
   15  8483     7
   10  5827     8
   57  6666     1
   85  4024     5
   80     5     3
   97  5624     5
   51  8920     4
   40  4355     2
   19 10051     7
   56  7167     3
   83  5974     9
   80  2024     1
   27  6680     7
   40  1140     9
   43   154     5
   17  2983     4
   96  6710    10
   83  4735     5
   87  3283     8
   90  8228     3
   84  3096     1
   85  9828     5
    5  5338     2
   77  9904     6
    4  3300     7
   67  4534     1
   34  6018     7
   22  3986     4
   73  5700    10
   43  9143     3
   87  3814     1
   88  3974     6
   53  4762    10
   43   271     1
   72  7999     1
   32  4767     3
   39  5895     6
   22  6711     4
   72  9123     5
   58  5738     3
   78  3669     7
   55  4888     3
   37  7762     3
    4   141     4
   95  6029     2
   80  7917     8
   21  3124     7
   90  2530     1
   63  2443     3
    7  6408     5
   80   550     3
   46  5540     4
   92  6028     9
   85  5888     4
   23  5236    10
   95  9328     6
   52   213     5
   57  1045     6
   17  3106     9
   25  5914     4
  100 10189     8
    3  6921     9
   13  9889    10
   52  4742     8
   46  7192    10
   84  7680    10
   84  9509    10
   84  2879     6
    6  4182     4
   56  8424     4
   42  8617     8
   83  7851     1
   10  3104     7
   79  6171     1
   87  7993     4
    4  9134     8
   58  3880     8
    7   908     1
   94  1456     8
   20  6324     1
   14  7317     5
   74  2006     1
   66  1655     4
    5  3136     4
   59  7894     5
   89  6891     3
  100  2256    10
   10  8108     9
   46  7937     9
   16  5363     8
   35  3813     2
   45  7918     6
   18  2075     7
   47  3494     1
   97  2451     3
   63  9268     7
   31   965     1
   81  1752     3
   47  1938     2
   36  5147     5
   36 10176     6
   89   347     9
   18  2790     5
   45  3072     3
   67  6519     9
    5   575     9
   49  1997    10
   25   191     7
   11  1484    10
   42  3453     8
   45  6515     7
   24  8801     5
   15  5459     8
   11  8170     1
   29  1729     8
   74  3145     2
   99  4853     4
   28  3985     7
   84  1045    10
   44  2582     2
   43  9348     5
   18  4859     2
   89   291     8
   61  1214     1
   65  8353     3
   86  2742    10
   24   273     8
   95  9319     4
   66  4494     3
   71  2212     9
   31  4257     8
    1  4462     9
   59  2560     7
   49  7048     2
   46  7535     1
   26  9080     6
   53  7623     1
   94  9532    10
   50  9271     2
   64  9107    10
   35  2777     8
   94  5577     9
   88  7700     4
   50  8237     5
    4  3538     9
   16  9429     2
   24  1173     7
    3  8392     3
   44  3206     9
    7  2219     7
   47   765     4
   86  2345     3
   24  7078     9
   35  1056     1
   47  3560     4
   89  5223     1
   20  3799     1
   70  3834     1
   84  4333     4
   85  8294     3
