 500
   69  6198     7
   83  5733    10
   97  3366     2
   90  6061     5
   74  5132     1
   53  7609     4
   96  5220     5
   37  4093     8
   86  3787     8
   62  4598     4
    5  5557     2
   17  4233     3
   23  7357     1
   40  2636     8
   12  4589     6
   95  2861     8
   68  3808    10
    8  4635     7
   22  6832     4
   45  4159     8
    6  7264     2
   59  4011     8
   20  5167     8
   35  7036     5
   59  4941     9
   78  7259     2
   21  2988     9
    9  6551     7
   20  3950     8
   88  7036     5
   46  6427     5
   88  7533     4
   70  4921     5
   42  7177     6
   77  5746     9
   43  7438     6
   95  6938     9
   73  3117     3
   80  3683     4
   80  2877     7
   35  5099     7
   84  6624     5
   96  4495     9
   57  4608     7
   23  6644     3
    7  6468     5
   51  4854     5
   91  7837     2
   15  3255     1
   73  3837     9
   36  4148    10
   21  2671     2
   32  5233     7
   55  6699     7
   56  7091     7
   90  7558     5
   33  6110     8
   76  7464     5
   99  6261     2
   52  7445     6
   64  6652     9
   44  4840     6
   40  7129    10
   33  3725     4
   86  4169     2
   17  5026     8
   76  3314    10
   80  3259     1
   89  5528     1
   55  4381     3
   60  3521     7
   23  2778     8
   38  3157     7
   55  5400     6
   80  4771     4
   61  7186    10
   62  4020    10
   31  7009     9
   52  7174     2
   77  4660    10
    4  2998     8
   87  3474     1
   97  4715     2
   35  5616     5
   42  7557     7
   52  3958     8
   24  5326     9
   74  5819     5
   28  3573     2
   22  3739     1
   26  5415     1
   91  7610     1
   66  5963     7
   65  4695    10
   24  3486     5
   52  7517     8
   81  7106     8
   99  4184     4
   32  2928     9
   70  4785     8
   53  5950     6
   92  3833     5
   93  4948     5
   91  6491     3
   47  6618    10
   72  7103     9
   51  5828     2
    8  2789     9
    2  6264     8
    2  5154     3
   85  4834     8
    6  6647     5
   89  6012     4
   81  6933    10
   40  4414    10
   31  5721     1
   33  3043     7
   64  7124     8
    4  3692     6
   60  4001     8
   86  3014     9
   30  6491     6
   51  3762     9
   52  6362     5
   94  3338     5
   75  4632     3
    3  6031     2
   75  7829     2
   74  6201     6
   35  6343    10
   45  4765    10
   26  4302     1
   26  7560     5
   37  7097     4
   17  2945     3
   72  6330     4
    9  6352     3
   68  6158     4
   80  6503     3
   11  4767     1
   70  3463     7
   64  3489     1
   16  3565     6
   58  6860     1
   45  7806    10
   55  5363     5
   88  4733     1
   78  3001     6
   19  4639     3
   92  5810     7
   37  4386     4
    4  5038     1
   21  4453     2
   88  5532     2
   55  3551     5
   15  5175     6
   63  7549     4
   58  6966     7
   90  5156     8
   36  5901     9
   92  5460     7
   34  7305     7
   62  7588    10
   18  5172     2
   71  6554     1
   78  2685     2
   90  3653     5
   80  5057     4
   45  6227     6
   70  7541     8
   91  7208     4
   14  7075     3
   34  3181     8
    6  2925     9
   72  6087     3
   78  3139     8
   61  5673     3
   60  2972     4
   56  3525     3
   79  7696     6
   51  6166    10
   92  5295     7
   82  4885     6
   71  2770     1
   80  2979     8
   37  5821     1
   86  5330     7
   42  2680     2
   94  4939     8
   75  2637     5
   78  5966     1
   86  7783     5
    9  7326     1
   39  5705    10
    3  5107     6
   80  6032     2
   17  5775     1
   93  6145     1
   60  3240     6
   62  4153     6
   62  5838     8
   50  7833     9
   75  3380     9
   95  6404     6
   56  2909     8
   47  6851     1
   73  6927     3
   16  5967     1
    6  7207     4
   28  7836     6
   95  5815     6
   56  5525     4
   20  5283     2
   77  2852     2
   27  5679     4
  100  5646    10
   13  6057     2
   13  3161     1
   42  5711     2
    6  3147    10
   88  3182     5
   19  3828     2
   92  3082     4
   97  2660     6
   58  6918     1
   94  5574     9
   76  6076     8
   74  4844     1
   87  3870     9
   36  6700     3
   35  6382     7
   48  7093     6
   85  6685     1
   10  7146     5
   43  5648     2
   40  6979     9
   57  6149     6
   16  4727     4
   56  5097     9
   62  5508    10
   44  4714    10
   50  3063     4
   18  3184     3
   64  7382     1
   27  3299     6
   45  6248     7
   64  5180     1
   39  6740     8
   57  6793     7
    6  3042     2
   45  7272     7
   45  7359     2
   25  4254     3
   36  7739    10
   41  7403     8
   82  3323     4
   30  5464     9
   17  5631     5
   56  5551     5
   16  6719     7
   52  4483     7
   91  4084     1
   64  5963     3
   36  3319     8
    1  3382     6
    7  3762     4
   76  7682     6
   57  6915     1
   23  5874     8
   31  4930     4
   19  4574    10
   67  2740     7
   81  5378     8
   37  5142     3
   30  7506     8
    7  6061     3
   81  3541     9
   94  4837     9
   45  4953     1
   38  7718     6
   99  5264     1
   90  4377     7
   82  7229     7
   23  6902     4
   26  4267     7
   23  6784     4
    5  7610     7
   55  7115     5
   39  4566     8
   61  5313     1
   71  5985     2
   90  6434     5
   51  6781     1
   35  4100     4
   26  7137     2
   52  7548     7
   41  5247     8
    1  6971     7
    8  6614     7
   63  3272     6
   32  4053     1
   27  3339     7
   29  3396     2
   12  6815     9
   63  5866     9
   59  3054    10
   18  5028     2
   44  6792     7
   52  5276     8
   63  7366     2
   82  6662     3
   51  2691     8
   53  3894     8
   64  6042     9
   74  6977     1
   78  5545     4
   86  4978     3
   78  6739     7
   33  4812     9
   24  6929     1
   38  4203     7
    3  2949    10
   14  5514     5
   89  3136     8
   37  4433     4
   39  4803     6
   40  2835     5
   78  7065     1
   40  3926     3
   48  6833     2
   41  7722     6
   71  5363     4
   74  7557     8
   69  3269     8
   83  4330     2
   37  5575     7
   28  3707     7
    1  6743     3
   81  4518     4
   80  6367     4
   64  6261     4
   63  3332     6
   31  6443     2
   16  7539     1
   26  6759     5
    4  5572     2
   94  5236     5
   12  3888     7
   81  4462     9
   26  7433     3
   35  2969     8
   19  6049     6
   28  7766     2
   49  5867     2
    7  6569     4
   65  4351     6
   88  2822     8
   47  6788     8
   42  3568     6
   27  4132     1
   94  5773     9
   82  3441     2
   98  6880     4
   68  5482     7
   51  4094     9
   81  3362     5
    5  3208     3
   79  5186     6
   82  7489     7
   85  5111     6
   58  3705     9
   45  5901    10
   48  5828     2
   88  7532    10
   61  5592     1
   73  4738     6
   92  5255     2
   54  2979     6
   84  6011     3
   72  7102    10
   79  7797     8
   19  6364    10
   91  5302     5
    7  7714    10
   67  4383     2
   97  4023     8
   71  4217     5
   55  4589     9
   43  2963     5
   13  5169     1
   82  6106    10
   37  6121     4
   94  5994     2
   79  5137     3
    4  3754    10
   45  7473     1
   60  5883     7
    9  4347     3
   23  4810     6
   41  5524     4
   93  6843     8
   80  5900     5
   86  3576     4
   40  4822    10
   68  5584     5
   47  6553     5
   13  6945     5
   59  2991     6
  100  6917    10
   97  5107     7
   31  7477     6
   79  6865     8
   15  3623     7
   21  4931    10
   86  6731     8
   82  5390     8
   18  6338     8
   57  3099     3
   36  7364     7
   61  6686     3
   69  5652     3
   17  5622     6
   97  4958     6
   63  3798     5
   96  2910     8
    1  6096     6
    7  3422     6
   56  6178     5
    9  7828     8
   29  5617     2
   97  3853     9
    2  6822     6
    9  3668     6
   82  4814     3
   42  3795     5
   77  6637    10
   28  3519     7
   54  2892    10
   35  7012     6
   28  7820     7
   50  5383     6
   66  6640     1
    7  6836     4
   65  6391     3
   87  3722     1
   92  5719     2
   46  3933    10
    5  7445     8
   48  6202     4
   82  3449     7
   65  6282    10
   17  4006     7
   99  6455     2
   62  3391     6
   79  5189     2
   95  6750    10
   62  6872     1
   85  5995     7
   50  5079     5
   71  6851     9
   13  3764     8
   46  6317     4
   72  5825     4
   21  4817     3
   28  3283     6
   14  7005     9
   97  3605     3
   55  4186     2
   67  7281     8
   32  2768     9
   83  4157     9
   17  4816     4
   98  6792     9
   89  3145     3
   82  3358     6
   84  2666     9
   81  6249     4
   27  4675     6
   89  7496     7
   28  4602     7
    9  5509     2
   53  5929     7
   45  5993     4
    7  4115     3
   15  6705     2
   23  3333     5
    1  3016     3
   76  5728     3
    7  6713     1
   51  5479     8
   47  4731     2
   20  2628     8
   96  3948     1
   18  2708     5
   40  4829     1
   23  4615     6
   31  7097     4
   37  5819     4
   78  6186     8
   98  6530     1
