 500
   17   508     9
   26  1037     7
   89  2194    10
   86  4704     2
   34  5165     3
   75   387     4
   61   974     1
   27  5053     3
   24   682     9
   98  4232     3
    8  2285     8
   52  3371     7
   64  1258     7
   53  4140     3
   89   267     3
   15  3128    10
   99  4969     7
   67  4168     2
   12  4275     1
   94  2313     4
   23  2224     1
   85  3490     3
   15  2317     7
   21  4019    10
   19  1672     6
   94  4044     4
   49  2584     3
   99   385     6
   56  1396     9
   47  2731     2
   57  4547     7
   73  1905     8
   72  3769     9
   45  1411     7
   59  1279     9
    5  3604     1
   20  1799    10
   19  2253    10
   32  3326     4
   43  2482     9
   16  1155     3
   39   281     2
   94   522     5
   79  2414     9
   91  4421     5
   83   790     7
   94   211     8
   90  4059     2
   49  4959     8
    5  4486     8
   83  1042     6
   72  1853     9
   89  2646     1
   97  3359     2
   92   541     8
    8  4319     6
   90  2073     6
   40  3126     1
    7  4704     2
   46  3469     4
   87   527     3
   63  3921     8
   19    44     2
   58  4296     1
    8     2     4
   77  1323     1
   63  2569     2
   27  1801     3
   95  3577    10
   94   565     6
   69  4283     1
   10  4732     2
   33   846     7
   63  4805     5
   89  1816     1
   24  5267     2
   46   264     2
   83  2027     8
   13  3996     4
   94  5223    10
   87  1183     6
   96  5038     9
   66  1745     8
   76  3830     6
   93  3066     1
   57  2287     6
   84  2818     1
   82  5139     6
   97    82     6
   90  2192     3
   28  3278    10
   84   610     8
   52   783    10
   46  3323     1
   41  4906     9
   59   785     3
   22  4646     1
    4  2145    10
   85  2587     5
   17  2892     1
   97  2711     5
   54  1540     6
   27  2294     3
   30  3557     2
   17  1014     1
   15  4110     3
   54  3493     4
   62  1279     2
   97   807     1
   67  2159     7
   56  1172     1
   84  1990     6
   62  1866     5
   21  2918     9
   60   490     2
   54  4933     6
   78  5205     4
   43  3308     3
   36  4742     1
   75  5288    10
   32   170     5
   63  2690    10
   58   567     8
   83   953     4
    9   682     1
   99   143     6
   42  1739     7
   31  5328     2
    2  2289     5
   26  4326     2
   47  2890     3
   99  5000    10
   80   536     7
   73  5184     5
   29  3226     2
   96  1550     8
   88  3964     8
   82  1389     5
   57  2830     9
   85  4772     9
   48  3548     1
   13  4002    10
   69  1431     5
   10    84     6
   34  1589     8
   28  1922     6
   63  5017     1
   11  1464     2
   70  5230     9
   98  4428     2
   86  1422     2
    2    70     3
   61  1787     2
   44  1989     9
   85  1024     7
   70  2470     2
   42  2133     5
   26  2763     4
    1  2467     3
   44  4422     9
   51  1759     5
   48    27     5
   43  4091     9
   31  2295     2
   21  5212    10
   71  1987    10
   26  3846     9
    8  3845     7
   53  3376     4
   83  1345     8
   93  3286     6
  100  1594     5
   95    17     8
   61  4718    10
    9  1678     1
   28  1606     5
   88  1309     5
   72  1365     2
   39  3071     7
   58  1209     4
   70   463     3
   25  4493     8
   59  1280     7
   31  2251     4
   68  1152     7
   43  2304     4
  100  4721     6
   10  3285     1
   69  5067     7
    1  1857     8
   54  2377    10
   19  1496     2
   48  1885     3
   96  1137     9
   49  3792     3
   68  1766     2
   67  3124     8
   75  2307     2
   75   281     9
   19  1170     2
   57  3653    10
   68  3568     4
   19  2765     6
   52  3670     7
   28  2955     3
   28  4444     7
   80  5277     2
   16  4265     8
   99   478     8
   19  3017     9
   73   144     1
   69   941     1
   43  2180     7
   32  1425     7
   99  3192     5
   11  3332     3
   75  3729    10
   99  2582    10
   20  1287     4
   43  3466     7
   99  4440     8
   73  3664     3
   62  4962     8
   46   994    10
   69  4802     1
   11  3423     1
   13  2761     2
   35  2596     9
   85   400     3
   88  3042     1
   53  3766    10
   42  4053     2
   55  1279     4
   71  1201     6
   94  2393     9
   82  4235     7
   99   314     2
   74  2339    10
   98  3169     5
   97   792    10
   93    26     8
   70  3314     5
   65  1734    10
   36  2206     5
    2  4739     2
   64  4927     4
   46   208     7
   77  3138     2
   62  2178     4
   66  1495    10
   19  1273     8
   61  1288     2
   39  5160     3
   80   905     6
    6  2283     2
    7  4631     4
   91  4329     6
   19  5044     3
   42  1896     2
   75  4729     8
    6  2755     4
   94   332     2
   17  3452     9
   61  4034     7
   65  1534     7
   11   514     8
   43  2939     4
   63  1848     9
   84  2854     7
   40   777     8
   60  2641     8
   76  2880     5
   10  4092     3
   25  4375     8
   11  5086     9
   11  3501     4
   89  3971     2
   57  5295     6
   87  1308     6
   50   819     5
   22  1459     6
    6  2581     3
   11  2107     7
   61  1289     9
   86  3486     8
   17  4391     8
   67   589     2
   76  2484     4
   35  4104     1
    9  2486     4
   51  1883     1
   41  1529     4
    2  2819     5
   68     4    10
    1   233     1
   67  4353     2
   78   519     7
   44  3172     4
   30   871     1
   62  3373     4
   84  3950     1
   90  3512     8
   38   922     9
   93  2711     4
   14  2556     5
   49   678     8
    4   882     8
    2  1197     7
    5   642     4
   91  2190     3
   52  2016     1
   27  2102     9
   96  4772     6
   62  4124     8
   87  3392     7
   82  2928     3
   79  3184     5
   54  3981     9
   58    82     7
   13  1958     5
   62  1137     2
    8  1965     7
   53  3487     8
   64  3957     7
   76  1970     7
   54  3720     8
   30  2980     9
   53  2489     4
   98  1561     2
   60  3851     9
   15   531     7
   81   181     3
   49  2032     7
   52  1454     6
   73  2893     6
   63  4589     2
  100  2133     3
   77  3775     3
   64   455     8
    5  2776     6
   67   635     5
   16  2472     9
   31  4879     5
   63    76    10
   78  1265     6
   17  2940     1
   45  3005     3
   56  4449    10
   70  1591     9
    2  3087     9
   68  1077     5
   32  2729     1
    9  5052     6
   21  4564     2
   95  1355     7
   85  1691     3
   75  2953    10
   25  4336     5
   37  4181     6
   73  4515     1
   84  2856     4
   51  4713     3
   53  4696     3
   32  4889    10
    3   836     8
   26  2258     8
   94  4147     1
    2  2970     1
    2   703     1
   58  4603     8
    6   416     7
   69  1338     5
   74  1744     6
   36  5295     1
   32  1415     5
   51  3010     1
   53  2905     2
   76  4420     8
    6  2129     1
   23  4496    10
   78  2176     7
   74  3206     5
   54  1894    10
   86  1897     3
   95  2439     7
   48  3250     7
   71  3589     5
   69    62     6
   73  2255     2
    7  2439    10
   42  4578     6
   56  5112     5
   58  1822     2
   94  3944     9
   88  4670     4
   60  2659     9
   19   872     6
   82  3487     5
   62   298    10
   21  1575     7
   40  2760     2
   68   714     6
   90  2913     1
   13  4504     8
    4   679     6
   22  4329     6
   63  2183     9
   56  3584     7
   97  3418     4
   69  4312     9
   79  2750     7
   74   263    10
   43  2187     3
   32  4645     7
   60  2161     2
   37  4627     9
   80  2564     4
   30   420     6
    6  4689     5
   52  4820     5
   37  2860     5
   47  3937    10
    8  4602     9
   95  4682     7
   41  2550     9
   96  3941     3
   54  2010     6
   59  3422     5
   78  2098     7
   16  2308     5
   80  4997     1
   17  4858     9
   83  3023    10
   70  2580     2
   30  4032     6
   86  3703     6
   91  1578     7
   93   885     4
   42  1956     2
   88  4997    10
   61  5198     3
   20  4706     9
   61  5260    10
    4  2055     5
   52  4020     6
   21  2091     1
   40  1351     4
   32  1254     9
   51  2511     7
   45   710     8
   84   744     3
   87    40     1
   92  4647     8
   91    15     2
   81  4723     8
   32  1866     6
   87  3957     5
   35  1402     3
   91  5289    10
   64   724     1
   50  3711     7
   71  4955    10
   81   252    10
   33  1404     7
   40  2205     2
   10  4285     6
   18  5107     2
   30  3784     8
    3  5170     9
   60  1732     4
   17  3450     8
   64  5038     2
   79  1108     2
   78  3380     7
   67  1762     7
   31  5129     8
   98   141     8
    6  3113    10
   62  1052     6
   49  2653     4
   51  3824     8
   45  1796     8
   35  2694     5
   42  3140     6
   36  1812    10
   16  2086     2
   74  5007     1
   22   438     4
   51  3488     5
   64  4965     1
   86  1163     4
    1  1869     1
   34  4590     1
   66  1415     4
   33  3273     8
   74  1465     2
   76   370     9
   51  3049     9
    3  5249    10
   79   209     8
