 500
   92 20756     1
   17 26084     1
   68 24371    10
  100  5172     2
   24 25981    10
   90 24446     4
   65  3240     5
   30  9211     5
   81 19198    10
   76 18777     5
   32 16184     4
   89  9383     7
   99 15430     6
   69 12531     3
   28 27293     7
   90 27239     2
   64 18785     2
   37  3399     5
   63 27781     8
   35 14036     8
   18 21107     2
   53 15102     3
   26 27472     4
   80 25414     7
   73 14079     4
   87  6971     1
   64 15431     8
   61 25118     1
   40 25234     2
   46 19557     5
   59 13219     3
   32 17620     2
   63 17270     6
   27  9220     3
   31 20213     4
   87 14881     6
   16  5295     6
   96 20874     8
   16 21513    10
   97 21915     6
   71 11281     3
   48  9327     4
   85  2928     3
   70 24132     8
   17 19279     6
   13 27642     9
   59 23000    10
   80  9693     8
   50  2671     3
   22 22410     7
   15 21151     5
   68 21199     5
   74  9142     9
   41 20252     9
   47 18242     1
   46 20643     3
   27 24645     9
   10  5303     9
    6 17390     3
   67 21509    10
   56 22281     3
   65 28030     6
   98 10758     2
   19 11181     9
   92  8879     8
   29  2600     5
    6 23483     4
    7 11596     3
   24 20895     3
   21 16626     4
    3  5141     9
   95  3805     5
   69 23374     7
   88  5490     1
   65 25358     3
   85 14283     3
  100  4762    10
   23 19987     2
   65 21398    10
   50  4854     2
   45 14027     9
   80 14178     5
   17 23475     6
   18 20591     8
   20  6059     3
   64 13347     7
   64 12863    10
   46 28126     1
   73 16072     5
   70 27674     3
   13 21264     1
   29  9983     8
   34 27334     8
   10  3651     3
   48 18585     7
   26  7843     5
   39  3672     8
   53 13697    10
   32 16860     8
   63 21988    10
   74 27744     3
   35 19423     7
   58 23215     5
   42 22748    10
   23 22334     8
   22 20202     8
   26  8660     2
   23 24517     7
   45 11819    10
   91 27479     2
   72 26793     9
   89 23268     8
   70 13286     7
   89 21898     5
    6 15488     5
   89 16767     9
   52  6875     1
   70 25772     5
   35 16523    10
   25 20368     6
   39 25076     7
   47  9416     1
   53 27772     4
   73 24039     4
   57 10488     3
  100 17986    10
   98  3511     9
   95 11582    10
   53  3313    10
   30 17793     7
   57  5200    10
   26  2687     3
   64  8845     3
   14 25836     4
   67 22856     2
   87  2809     1
   36 17668     2
   93  3145     4
    9 24747     7
   80 26909     1
   84 28046     5
   81 23170     5
   69 21806     8
   53 12962     1
   69 16698     9
   75  8924     3
   42 27151    10
   20 20994    10
   44  6326     7
   76 15303    10
   44 12991     6
   82  3031     4
   23 22140    10
   97 12392     9
   54 24491     7
   79  4258     3
   97 27800     9
   51 25424     6
   74 13261     2
   49  2743     8
   80 14846     2
   31 15882     2
   75  2851    10
   44 21113     5
   45 13348     6
   41 23129     2
   30 21343     5
   80  2646     7
   34 23696     5
   39 17720     2
   60 26976     7
   17 23371    10
   20 12520     6
   28 20412     5
   70  7963     1
   88 26639     5
    2 26757     8
   11  6743     1
    8 19262     5
   45  4712     5
   87 19467    10
   52  3882    10
   27  5165     8
   10 13236    10
   48 13696     8
   80 27078     5
   89 14915     2
   45 13126     6
   31 24132    10
   62 25598     4
   93 13290     4
   10 10607     2
   93 13110     5
   68 13563     4
   54  3350     6
   37 23879    10
    8  8321     5
   84 22115     1
   17 23946     7
   42  3647    10
   22 11464     2
   76 22552     4
   59 24439     9
   42 21405     8
    3 14593     9
   28  4031     9
   29 19674     3
    4 12980     6
   39  8195     9
   37 10565     7
   49 15113     1
   26 25083     9
   88 11869     6
   75 17700     8
   35  9949     8
   36 22987     4
   54 16408     2
   24 22286    10
   81  7742    10
   85 12169     2
   86 19513     3
   74 18454     3
   94 20198     3
   78  4253     8
   41  3647     6
   48 20969     9
   15 25553     8
   49  9389    10
   31 14713    10
   31 21129     4
   90 10457    10
   53 23599     2
    6 15311     7
   49  6526     8
   94 16634     9
    9 27325     5
   77  7979     7
   23  7937     1
   13 11934    10
   15 13596     6
   60 15923     8
   61 24469     1
   41 10309     4
   48 25214     3
   35 13799     8
   76 17679     2
   84 19830     6
   89 27628    10
   99 11595     2
   64 24993     5
   73 11426     1
   84  2737     5
   37 15077     8
   67  3253     4
   62  4411     2
   77 16145     4
   14 21643     2
   76 27386     9
   26 22956     4
   45  7986     2
    6 20145     2
   16  5043     3
   97  3214     3
   12  7086     9
   64  8991    10
   91 17270     1
   20  6040     3
   40 14391     7
   14 22628     2
   33 15396     3
   55 25408     2
   73 10181    10
   93 11495     3
   96  7347     6
   20  7024     2
   27 22715     1
   71 22447     8
    3 24275     8
   16 21973    10
   69  5672     9
   66 20898     3
   88  5028     1
   53  5831     3
    3  7604     1
   55  5702     4
   14  7664     5
   80 21170     4
   69 24767     6
   90  6680     3
    5 15756     7
   13  4383     8
   95 24246     5
   20 18220     9
   10  5019    10
    7  2962     3
   84 24632     9
  100 19710     1
   27  6424     5
   24 10653     5
   13 13968     2
   59 19241     7
   78  7690     7
   86 21570     1
   51 28158    10
   73 12459     2
    5 26015     3
   78 22503    10
   44  6536    10
    8 21920     1
   94 16105     9
   13  9629     8
   74 14447     3
   82 18554    10
   65 12881     1
   76 19473     3
   36 21678     4
   79 17966     5
   56 12273     6
    4 18075    10
   68 22067     8
   60 25450     2
   17 19879     7
   63 17943     2
   80 15299     1
   26 22319     6
   69 18326     5
   64 11561     9
   26 13659     6
   96 22171     9
   87 19635     3
   39 25048     8
   54 13042     6
   64 24747     9
   24 18248     9
    5 12829     6
   37  8835     1
   29 15892     1
   83  6962     5
   80 12792    10
   36  9442     1
   77 20488     4
   92 19842     8
    9 21311     4
   58 10672     3
   57  4352     9
   85 12413     6
   94  3979     7
   35 19739     3
   40 22107     2
   97 19476     6
    3 13436    10
  100 19186     4
   14 10984     2
   65  3008     2
   80  6115     4
   39  4933     8
   34 18755     6
   43 15098     2
   65 16014     3
   30 12555     5
   29  6362     5
    3 12692    10
   83 23019     1
   93  2738     3
   27 28361     8
   88  7477     6
   30  8994     4
   55 15883     9
   71 11860    10
   10 19208     3
   91 22746    10
   47  3978     3
    2 10679     1
  100 15686     3
    4 12071     6
   58 12453     9
   84 25520     9
   97 13472     2
   93  3822     2
   24 19257    10
   94  4578     8
   95 14679     2
   23 10073     4
    7 12984     9
   60 15108     3
    2 13609     7
   46 15339     6
   94  5492     9
   45 26128     8
   11  2982     9
   23 15469     3
   73  4120     2
   13 13095     9
    6 10117     3
   66  4279     5
   40 13085     7
   93 15016     8
   95 10695     8
   95 26389     5
   64 24298     8
    5 27325     1
   85 20765     4
   10 25698     1
    6  9634     1
   84  8080     7
   14  9399     7
   63 19508    10
   68  5230     6
   11 20292     9
   56 20751     1
   91 21909     5
    5 22291     6
   51  7059     2
   14  3611     8
   11  6905     5
   10 19589     5
   15 14642     5
   57 19665     1
    3 22503     3
   60 12400     3
   67 20068     9
   26  9601     5
   32 13941     5
   80  4793     8
   31 17140     8
   98 15642    10
   19 15300     4
   24  3786     6
   93 23759     7
   14 13319     8
   87 25505     4
   97 22713     8
   98  5713     2
   97 22833     4
    2  3976     8
   82 11215     9
   11  3861    10
   65 20906     7
   50 13866     4
   21 21574     9
   20 13286     8
   40  7404     9
   25 15495     4
   70 17767     9
   53  8437     7
   36 19821     9
   80  8985     3
   68 20500     1
   93 11115     9
   83  3117     6
   27  4529     3
   59  2813     8
    8 10140    10
   59 15891     8
   39  5028     5
   38 24701     8
   57  3163     7
   58 17749     8
   62 25908     4
   49 24343     4
   71  2697     6
   49 23043     7
   46 18686     1
   69  5831     8
   45 17505     1
   47 20083     8
   51 14467     6
   55 18787    10
   12 12618     5
  100 25755     9
   76 11991     9
   31 23326     3
   40  4789     7
  100 24908     2
    1 12723     1
   93 10647     4
   35 16359    10
   80 19129     4
   61  2777     4
   28 24896     9
   62 19668     9
   88  4727     7
   86 25131     6
   70 27229     9
   46 18040     5
   25 27580     1
    8 23560     7
    3 18624     1
   82 16958     8
   69 21098    10
   51 14596     4
   53 17076     4
   17 15771     6
   97  4911     4
   21 20329     1
   62  4906     6
   43 22416     2
   71  6426     6
   16 21115     6
   54  6664     7
