 500
   27  1867    10
   77   364     9
   91  3375     3
   52  5317     2
   68  5906     6
   30  9584    10
   87   328     6
   88  3530     4
   35  7627     6
   98  6102     7
   39  3503     4
   94  3761     5
   69  4626     9
   49  2230     8
   85  7826     3
    7  4976     9
   19  9755     7
   48  1480     6
   22  9091     7
   92   345     3
   99  1156     9
   47  4913     3
   33  9322     1
   33  1924     9
   67  6253     4
   76  7759     4
   55   901     4
   78  9248     6
   21  9085     2
    7  3086     9
   37  9999     2
   47   829     1
   83  3451     7
   27  3250     5
   99  6146     2
   51  9357     3
   57  2711     4
   85  6475     7
   39  2764     7
   91   215    10
   82  2454     4
   77  6268    10
   84  3976     5
   50  7080     2
   26  8499     7
   69  1679     7
   57  1932     1
   44  8130     4
   16  3160     3
   78   900     7
   35  8475     6
   14  4317     2
   25  5813    10
   67  7673     7
   47  6242    10
   91  1943     3
   43  5309    10
    1  7143     3
   68  1067     9
   64  4271     1
    7   106     1
    5   943    10
   10  5100     1
   90  3557     8
   31  4194     5
    9  1123     2
   41  2791    10
   88  6906     9
   93  7598     9
   79  5556     6
   78  7121     9
   74 10052     2
   56  1700     5
   62   974     3
   24  7009     4
   81    75     2
   30  2654    10
   80  8941     4
   24  8206     5
   46  5814     2
   58  9841     1
   59  6558     1
   60     8     3
   82  5530     1
   26  4108     7
    6  6250     2
   73  7474     4
   69  9417     6
    7  3269     4
   41  8541     2
   32  3564     7
   14  3375     5
   45  9485     2
   42  8664     7
    3  6932     2
   76  3555     6
   50  9787     9
   43  9724     1
   63   338     5
   42  7262     8
   22  5156     6
   40  7459     3
   16  7191    10
   77  6857     1
    1  8434     6
   39  4076     3
   57  6932     2
   31   965     5
   19  2893     7
   81  5015     6
   76  6779     7
   77  2611     8
   40  1449     6
   35  6788     9
   58  8142     9
   65  5557     2
   41  2914     1
   31  5492     2
   34  4851     8
   47  6183     4
   71  3910     3
   65  8416     4
   60  9559     8
   16  3271     5
    6  6957     1
   63  6368    10
   91  6827     1
   55  6621     9
    6  5968    10
   53  7165     5
   97  3759     7
   27  1000     6
   93  4501     8
   12   827     6
    3  7857     6
   93  2812     3
   51  4903     9
   60  4666     7
   24  3777     8
   70  7797     6
   40  9682     3
  100   433     4
   46   284     3
   79  1007     8
   35  7221     2
    4  8427     1
   44  6565    10
   75    11     3
   34  3795     3
   77  1293     8
   22  6195     7
    5  7705     6
   42  9709     1
   82  5630     4
   20   853    10
   47  6542     2
   44  1874     4
   10  7681    10
    1  3040    10
   49  7842     3
   63  4722     5
   98  6799     7
   76  8843     8
   55  9224     2
    9  7627     2
   78  6577     4
   48  1912     5
   60  2406     1
   37  1119    10
   71  5689     2
   29    80     6
   77   677     2
   70  6122     6
   74   365     9
   56  1685    10
    4  3220     8
   77  8792     9
  100  8251     9
   79  3231    10
   11  2464     2
   77  9544     7
  100  9427     6
   15    46     7
   18  9130     7
   81  4933    10
   34   899     7
   64  5549     9
   25  6807     3
   44  8581     6
   65  8589     8
   73  4526     5
    6  3179     1
   62  5265     5
   49  3245     3
   60  2279     3
   71  2768     6
   26  9822     6
    8  4192     8
   30  5175     6
   63   818     6
   79  9881     9
   58  5255     2
   39  1496     7
   49  5880     5
   32  5621    10
   95  3182     7
   52  9100     2
    9  4289     9
   94  1309     6
   31  2208     1
   19  6754    10
   70   730     2
   30  1511     7
   34  6800     6
   87  9860     9
   11  6445     6
   68  7700     2
   51  5286     7
   35  3128     8
   11  6157     8
   15  3751     5
    8  7655     3
   16  9337     9
   76  9017     9
   56   777     6
   76  1493     1
   47  1661     4
   82   476     1
   84  5685     8
   76  6836    10
   44  1294     6
   62  5443     7
   34  1968     1
   83  2791     3
   10  1199     2
   66  7589    10
   77  5973    10
   62   176     3
   75  1755     8
   70  7282     5
   92  2385     4
   93  8509     8
   40  8013     6
   22  3897    10
   27  5186     4
   26  7750     4
   33   218     5
   94  2762     5
   76  2912    10
   67  3347     3
    4  8919     3
   91  6664     4
   74   878     6
   20  8133     2
   67  5557     2
   30  1656     1
   96  9626     2
   13  7218     6
   11  2132     1
   80  5187    10
   89  3931     6
   54  3426     7
   41   506     7
   23  5900     7
   37  6217    10
   51  1706     8
   88  3365     6
   13  2066     9
   12  1883     1
   62  5121     4
   83  9349     3
    4  4268     4
   55  3507     1
   22  7239     9
   25  8165     3
   81  8693     4
   48  4865     2
   57  8384     8
   75  1331     9
   24  7777     2
   24  1607    10
   79   127     2
   14  4317     6
   98  2486     6
   99  8260     3
   81  9874     7
   27  4142     6
   95  7762     5
   93  6969     3
   38  6274     7
   74  2826     4
   82   776     8
   92  9701     4
   15  3332     1
    4  6676     4
   28  5795     3
   65  5039     9
   91 10042    10
   40  7862     2
   76  6922     9
   53  5040     4
   23  7088     5
   80  1066     2
    7  8547     4
   44  4203     4
    5  9232     5
   88  7116     8
   92  9068     5
   62  7493     3
   63  8447     7
   15  6721     7
   85  9101     2
   41  8574     8
   29   915     2
   83  1463     8
   39  6711     1
    9   666     9
   10  5606     3
   34  4349     5
    2  7635     1
   47  1757     9
    7  7175     9
   83  8412     9
   38  1334     2
   21   384     9
   86  4965     3
   65  7130     5
   85  5423     8
   77  4884     3
    5  4868     7
   61  2221     6
   29  9924     6
   27  1832     2
   41  3288     8
   36  8347    10
   71  6035     5
   45  2397     2
   24  5339     7
   62  4980    10
    6  9890     4
   86  3663     4
   77  1577     6
   91  8867     6
   27  2113     1
    5  2493     8
   73   207     3
   66  8824     2
   13  3159     6
   82  5813     6
   99  3050     6
   14   671     7
   29  7571     5
    6   102     4
   96  9084     6
   66  8905     6
   26   486     3
   82  3925     8
   31  5912     1
   11  5910    10
   58  8810    10
   36   656     8
   72  8131     6
   87  8610     6
   62  2489     9
   12  1296     3
   22  6834     5
   33  8524     3
   57  3693     5
   46  2049     2
   94  3381     3
   63  3459     9
   32  5713     5
   70  4959     9
   53  2203     5
   58  7826     6
   75  7452     6
   26  2410     8
   24  6527     7
   87   488     1
    8  8224     3
   22  9578     3
    1  1160     8
   36  5671     7
   27  9680     7
   97   120     3
    2  4453     3
   53    43     9
   78  4046     1
   33   241     4
   64  5953     9
   36  2732     1
   68   898     2
   35  3961     4
   22  1219     6
   30  3387    10
   47  5257     7
   44  8053    10
   62  1788     3
    4  8950     2
   89 10103     2
   56  5169     5
   66  2286     1
   21  5692     6
   26     4     3
   19  4489     5
   78  3395     2
  100  7456     9
   45  6900     3
    1  9923     8
   87  7945    10
   52  5000     6
   23  9378    10
   88  9105     7
   88   548     2
   50  8934     6
   84  9225    10
   90  5001     5
    2  8978     5
   62  3148    10
   23  5243     9
   65  4807     4
   98  5880     1
   90  6141    10
  100  8769     8
   19  7100     6
   20  9528    10
   46  3902     4
   63  5029     6
   81  1193     2
   49  2729     6
   52  5009     7
   37  6362     7
   15  5015     6
   72   577     3
   62  6366    10
   33  9505    10
   50  3973     4
   62  3699     8
   77  6282     3
   51  3772     2
   49  1520     7
   29  1159     8
   73  3026     1
   36   502     4
   17  1707    10
   22  1837     7
   20  9728     4
    7  6708     4
   24   691     2
   82  2752     4
   29  1828     3
   88  5499     5
   79  8633     4
   19  7969     2
   87  4145     2
   98  5609    10
   38  7374     2
   33  8047     6
   60   515     5
   19  8567     3
   82   653     1
   11  5524     2
   55  4805    10
   96  5669     7
   83  6101     4
   17  1048    10
   29  5051     6
   32 10075     8
   78  4748     8
    6  1209     8
   83  3723     9
   26  6268     5
   35  2368     6
   55  6750    10
   62  6771     8
   51  4075     5
   77  8588     7
   81  6375     1
   58   660     9
  100  9280     8
   62  9127     4
   86  2488     1
   88  4656     3
   41  7636     8
    4   334     3
   75  8801     5
   38  3121     7
   41  7708     4
    8  6725     1
   97  3637     2
   59  6152     7
   89  7378     2
    8  9161     4
   14   834     7
   85  2923     8
   90  5139     8
   30  1882     6
   14  7975     4
   22  5090     5
    8  6630     3
