 450
   46 15630     1
   27 13385    10
   49 12299     7
   14 12422     1
   96 12916     6
    5 14823    10
   85 15925    10
   32 12524    10
   91 14805     7
   85 12793     3
   91 12214     7
   58 13327     5
   97 15854    10
   84 16033     7
   69 16126     4
   83 11779    10
    7 14872    10
   13 14349     7
   33 16115     3
   56 14208     2
   45 16043     1
   20 14554     8
   78 15052     1
   85 13652     2
   35 14945     6
   30 13879     6
   81 14193     8
   66 11872     2
  100 12848     9
   12 13571     4
   57 14243     4
   46 12118    10
   39 15271     4
    5 14857     1
   59 12855     1
   34 11827    10
    9 13320     1
   44 12420     1
   66 12667     9
   99 11765     7
   28 13528     3
   57 13197     5
   57 13408     1
   24 13021     3
   40 12869     1
   25 13173     4
    7 13115     3
   46 16057     1
   37 15838     1
   39 12870     5
    2 13904     2
   82 15520     2
   59 15739     3
   79 12596     2
   67 12811     4
   94 14324     8
    9 14790     7
   48 15320     1
   59 14511     9
    8 15954     6
   59 12531     5
   15 12394     3
   53 11711     5
   97 16118     9
   19 15567     3
   12 12882     5
   30 16261     8
   28 12527     3
   55 13617     5
   96 12567     7
   26 12607    10
   83 15461     8
   52 14079     1
   83 14331     1
    7 12122    10
   91 15264     2
    7 15819     5
   13 13553     3
   37 14960     2
   44 15297     5
   52 14738     7
   38 12504     3
   26 14457     7
   11 14117     9
   17 13415     5
   92 15584    10
    4 12081     7
   26 11845     1
   39 14543     1
   62 14908     6
   33 16114     6
   97 15389     6
   77 15617     8
   86 16141     1
   94 15147     4
   96 14824     1
   98 12663     5
   24 15047     1
   23 15666     3
   53 14595    10
   19 15929     7
   49 11913     2
   35 13696     7
   70 13648     8
   31 14559     3
   42 14133     7
   61 12551    10
   38 14018     7
   54 16001     9
   97 15826     1
   82 12954     2
    6 14379     6
   35 11969     4
    8 15726     8
   16 12136     5
   51 13700     8
   99 14950     8
   19 12532     1
   76 13860     9
   38 13132     8
   81 15755     6
    9 13614     5
   34 12161     3
   58 15012     4
   95 13395     5
   28 15623     7
   54 13475     4
   92 14373    10
   51 14310     8
   76 12780     6
   44 12608     9
   70 13878     5
   25 13009     8
   79 14619     6
   39 15841     2
   56 15883    10
   20 12392     3
   99 12031     1
   94 13541     7
   74 12033     2
   96 16173     2
   75 14811     8
   79 14727     7
   30 11782     6
   82 14177     6
   94 15178     1
   81 13798     4
   81 12766     3
   13 16026     2
   56 15973     2
   18 14213     1
   94 15420     8
   65 13227     6
   52 14690     4
   51 14071     1
   60 14938     1
   79 13953    10
    4 15861     4
   51 12950    10
   30 11902     7
   80 12281    10
   95 13873     9
  100 14096     1
    5 13605     8
   73 12132     5
   38 13577     3
   60 13128     8
   92 12839     7
   37 13923     4
   53 14985     4
   66 13187     8
   32 13736     5
   28 13435     2
   44 16230     5
   62 13833     1
   10 15927     7
   38 15048     5
   42 15946     4
   91 12332     9
   50 14713     7
   98 15559     5
    8 14861     9
   44 13772     4
   62 12426     1
   60 13191     3
   94 16159     4
   21 15679     1
   39 15459     2
   98 15659     8
   72 12269     1
   68 15676     8
   78 16256     8
   66 14458     9
   67 13412     9
   82 13501     5
   39 14905     3
    5 15304     1
   42 14945     3
   31 16060    10
   42 12867     4
   95 13569     6
   96 12887     8
   74 14918     9
   23 15319     8
   39 12756     2
   35 12391     9
   33 14886     4
   76 16119     6
   76 11977     2
   23 15534     2
   26 14471     3
   73 15852     7
   31 14034     1
   69 11883     6
   35 11917     7
   90 15541     3
   63 16357    10
   55 15912     8
   28 14639     5
   61 15656     7
   27 11820     8
   96 13955     3
   39 15551     5
   93 14594     7
   63 15682     1
   21 12692     9
   31 13139    10
   68 14626     2
   62 15952     1
   61 12838     9
    9 15808     5
   57 13160     7
   56 14040     6
   82 14366     4
   79 12118     4
   95 15112     7
   16 15072     3
   11 15319     7
   71 14871     3
   92 15365     5
   34 14492     9
   96 12981     5
   64 14856     1
   64 12166    10
   65 13180     1
   98 15089     8
   53 16022     2
   28 13176    10
   53 14640     5
   81 14301     6
   89 12472     7
   79 14776     3
   77 11896     8
   27 16338     1
   71 13009     9
   39 15893     9
   47 12670    10
    2 14464     8
    7 14159    10
    9 12261     1
   62 15617     7
   15 13606     5
   66 13736     7
   18 13297     3
   97 16287     8
   44 14170     1
   12 12049    10
   13 14999     1
   55 13128     8
   82 15235     3
    4 14003     5
   89 15936     7
   78 11856     7
   67 12499     5
   52 11742     6
   43 13351     8
   65 15903     3
    5 16080     7
   70 14843     7
   18 14183     8
   85 14021     3
   59 15630     4
   97 12599    10
   61 14232     1
   85 15608     4
   68 13924     9
  100 13765     9
   32 11917     4
   69 12027     7
    6 16239     8
   41 12493     4
   31 15960     3
   21 13484     3
    6 14545     1
   48 12897     6
   17 13411     1
   50 12354     1
   60 13261     5
   30 12050     1
    4 13798     9
   41 12135     7
   33 14368     5
   92 13374     5
   19 12306     4
  100 15183    10
   44 13431    10
   61 13973     2
   64 14726     2
   48 13151     7
   31 12455     8
   81 12549     9
   33 15488     9
   89 11724     2
   77 13463     9
   94 13359     9
   74 15648     6
   44 15703     7
   93 15439     8
    5 15880     9
   13 16046     3
   99 15318     5
   46 12013     2
   43 15645     6
   19 12441     8
   51 14873     2
   90 12181     1
   36 14168     8
  100 15542     3
   50 13757     6
   65 14533     8
    4 12979     1
   91 14208     3
   97 12541     3
   96 14669     5
    9 14830     7
   97 16040     2
   39 11739     5
   70 12442     8
   60 14405     4
   87 13206     1
  100 13212     6
   41 15269     2
   19 12333    10
   89 13252     7
   18 12372    10
   12 14008     8
   62 12539     2
   62 11715     7
    5 13086     6
   67 12059     1
   74 16076     9
    3 12043    10
   12 12388     3
   17 15360     5
   22 12800     8
   63 15577     4
    7 15857     6
   58 15284     5
   63 14758     7
   56 13254     1
   22 13457     3
   66 16053     8
   46 15777     4
   19 14313     5
   62 14361     3
   55 14246    10
   15 13992     7
    1 14416     7
   24 15003     8
   75 12037    10
   87 15938     8
   23 11855     3
   15 15622     2
    6 11911     7
   11 13423    10
   33 16310     2
   18 14234     5
   73 14278     2
   94 16340     8
   22 15636    10
   39 14653     2
   68 16055     7
   25 15994    10
   51 15356     4
   85 15055     1
   47 12434     7
   13 14572     8
   91 14551     7
    4 16034     1
   75 12970     4
   46 16121     7
   25 13130     4
   41 12663     2
   92 15537     1
   44 15758     9
    2 15340     4
   46 13423    10
   59 13390     5
    2 13396     1
   69 12066     7
   33 13742     4
   89 12973     8
   92 12237    10
   48 13004     6
   94 13199     4
    3 13975     9
   80 12953     7
   11 15748     8
   75 11892    10
   74 12932     5
   33 15023     8
   13 14860     1
   42 12627     1
   57 14657     7
   63 13856     5
   26 15997     2
    4 15407     3
   76 12068     2
   17 14188     8
    7 15080     4
   50 13353     6
   63 13948     5
   32 11849     8
   90 14332     8
   54 13125     5
   75 15923     6
   92 13311     1
  100 14864     5
   34 12953    10
   94 15022     2
   69 15245     2
   66 15011     4
   82 16310     9
   60 15797     1
   13 16330     9
   76 13149     3
   63 13412     9
   93 12922     5
   86 12537     1
   37 13620     8
   67 14170     9
   19 15876     8
   49 12119     9
    9 15112    10
   75 14173     4
   12 14291     3
   35 14749     2
   78 13219     7
   87 14674     5
   51 12576     9
