 450
   25 15280     6
  100 17821     1
   32 10347     3
   83 14376     5
   70 10979     6
   89 15303     2
   34 12256     4
   58 16901    10
   34 12420     6
   65 18118     5
   58 12885     4
   76 10683     8
  100 16077     6
   75 10146     2
   92 15615     6
    9  9993     1
   37 14621     9
   44 17924    10
   26 11829     1
    7 12295     2
  100 11215     9
  100  9222     3
   12 16020     4
   16 14440     2
   42 17298     4
   43 16934     6
   67 10651     4
   20 12489     4
   43 18301     8
   75 10567     1
   46 16113     5
   67 15139     4
   75  9946     1
   78 17241     8
   50 11073     9
   45 11706     7
   66 14102     9
   84 14110     3
    3 10166     6
  100 17302     5
   49 13786     7
   60 13831     9
   76  9543     3
   48 11421     3
   35 14757     1
   67 15938     8
   57 12195     3
   71 10937    10
   11 15420     7
   82 14805     4
   78 14013     2
   10 17416     5
   81 14807     7
   89 11591     6
   25 13414     7
   23 13664    10
   32 10084     2
   91 14845    10
   43 16934     4
   75  9943    10
   66 16192    10
   88 14605     8
   42 15862     3
   41 16919     1
   66 13404     5
   91 17716     1
   85 10184     8
   31 18287     4
   74 13384     3
   87 11130     3
   30 17147     9
   22 17951    10
   46 15742     2
    6 17470     1
   70 10930     2
   81 12058     3
   72 14967     8
   26 13906     5
   52 13775     3
   82 11946     5
    7 10269     9
   29  9346     4
   92 10921    10
   88 15857     5
   18 11718     9
   17 15115     6
   11 11079     5
   50 12582    10
    8 11519     6
   54  9571     8
   24 13305    10
   73  9269     6
   42 14957     6
   65 10726     2
   13 16969     6
    7  9920    10
   55 10000     2
   98 17933     3
   37  9765     4
   29 14165     5
   84 10622     6
   67 17693     2
   51 13674     4
   30 17145     7
   72 16721     2
   20 15385     6
   10 10761    10
   44 13247    10
   45 10850     1
   61 15317     2
   25 15974     4
   51 11899    10
   89 15444     5
   17 17675     3
   39  9314     5
    7 17942     4
   33 14349     9
   50 11174     9
   56 12082     4
   40 16648     4
    3 11525     7
   79 16168     3
   13 16698     9
   44 17263     2
   44 17674     5
   25 15225     5
   50 17963     2
   98  9233     6
   22 14716     8
   87  9287     5
   27 14178     1
    6 16119     3
   54 17760     7
   77  9411     5
   35 14822     9
   25 16040     8
   96 15577     1
   45 16363     9
   69 10845     7
   40 17207     1
    5 13238    10
   93 17600     1
   91 10664    10
   94 10240     5
   10 16833     4
   30 10759     4
  100  9741     8
   42 12740     2
   79 12713     3
   56 12603     2
   82 10947     5
   81 15019     9
   35 10329     4
   94 18425     4
   25 13840    10
   78  9562     9
   19 15208     8
   75 13362     1
   75  9575     5
   40 11483     5
   62 13430     6
    2 14534     5
   46 18382     7
   15 12748     2
   78 14726     9
   80 14762     6
   40 10346    10
   74 11861     9
   24 12684     4
    8 11972     7
   14 10627    10
   29 16702     3
    1 11130     7
    4 12071    10
   22 17723     7
   10  9522    10
   34 13611     3
   22 18244     5
   52 13043     2
   12 17104     6
   78 12406     6
   33 14770     6
   93 13682     4
   12 13516    10
   26 14753     9
   17 18303     4
   89 13858     8
   44 11520     7
   92 13224     5
   64 14214     2
   84 13783     1
   53 17434     1
   65 10307     7
   29 13723     7
   68 11740     2
   43 15814     6
    9 10044     3
    7 12867     1
   16  9234     4
   33 13508     7
   15 15619     7
   29 10641     4
   61 11769     9
   15 17530     4
   33 13493     3
   83 11051     6
   25 17833     3
   66 17884     6
    5 10854     1
   76 12434     4
   78 16547     1
   82 14040     7
    8 17985    10
   70 11788     5
   93 18336     6
   34 14297     9
   87 11649     9
   82 13753     4
   77 16597     5
   79 15653     3
   45  9526     6
   61 11939     6
   31 14645     3
   10 10614     3
   90 16442     2
   99 17166     5
   53 17208     8
   98 17267     5
    6 11591     6
   68 17223     2
   30 12334     1
   20 17991     3
   97  9422     5
   91 14884    10
   35 17079     6
   30 13695     8
   73 16715     5
   59 16470     9
   96 13138     3
   77 18349     6
   34 10463     3
   73 11244     4
   59 13948     2
   42 10006     2
   42 13812     8
   52 13843     8
   75 15083     1
   29 16242     6
   33 18376     1
   52 13239     6
    7 13453     9
   78  9461     7
   12 15958     1
   38  9657     1
   87 10856     9
    1 13959     3
   37 17603     6
   39  9623     7
   99 12784     7
   42 10753     1
    7 17626     8
   29 15899     7
   61 10302     3
    4 17829     3
   19 12341     6
   96 18162     8
   34 13083    10
   92 10615     1
   54 16190     7
   29 17001     2
   69 10522     7
   88 17434     9
    1  9804     6
   27 15250     8
   29 18220     1
   43 14396     3
   78 10651     5
    3 14862     1
   71 12196     9
   11 10586     6
   55  9660     7
   78 16430     7
   88 10828     3
   66 16398     7
   16 16868     8
   75 12464     1
   67 11915     9
   52 16029     3
   14 12867     8
   66 15480     5
   93 17563     4
   21 12052     5
   94 12938     2
   54  9423     6
   25 11439     7
   13 16059     8
   49 18365     4
   58 15302     6
    4 17455     9
    3 16114    10
   86 13862     8
   72  9535     5
   90 15106     9
   86 14446     3
   99 15566     3
   18 14885     9
   29 10400     6
   76 16998     7
   21 11306    10
  100 13377     5
   87 18365     3
   75 11746     6
   77 11366     1
   74 10751     5
   41  9702     3
   93  9792     9
   49 13996     5
    8 12398     1
   44 16602     2
   62 17644     3
   74  9437     6
   36 15723     5
   83 11254     7
   67 13155     8
   90 15927     1
    7 13474     4
   80 10773     5
   38 15851     5
   64 10334    10
   83  9786     4
   40 13523     4
   49 14976     8
   55 10102     9
   30 10188     3
   35 10980    10
   53 16449     1
   48 15854     2
   64 12161     6
   29 15005     7
   68 17940     1
   63 16319    10
   15 14929     9
   43 11244     7
   40  9244     1
   88 16460     3
   84 11727     9
   32  9816     9
   37 12015     8
   92 14906    10
   75 17199    10
   99 11217    10
   65 15124     6
   11 14480     5
   81 13252     7
   32  9837     3
    1 11966     5
   87 17506    10
   11 11391     8
   38  9375     9
   51  9399    10
   94 11957     2
   78 13678     3
  100 15155     7
   48 12839    10
    7 14647     5
   35 16916     7
  100 10846    10
   54 12059     6
   98 10636     2
   28 16632     7
   22 11557     7
   60 17736     2
   42 13119     6
   65 13582     4
  100 17760     2
   30 11138     9
   49 16090     3
   31 18357     1
   66 13933     6
   40 12555     2
    6 17114     1
   65 15931     6
    4  9237     8
   17 13153     5
   45 10742     3
   36  9855    10
   17 15899    10
   32  9806     3
   47 12026     8
   55 16054     8
   82  9985     2
   40 14763     9
   32 11291     1
   81 15921     8
   87 18383     8
   39 16719     6
   16 14396     5
   87 10788     8
   93 10336     2
   13 15812     6
   15 18200     4
   14 12674     8
   73 15107     8
   57 12878    10
   79 17036     2
   72 14425    10
   86 14796     8
   27 14685     4
    3 14340    10
   52 10288     4
   66 18020     6
    8 13013    10
   16 17000     9
   70 18038     3
   24 16946     5
   61  9300     2
    5  9451     3
   41 14404     4
   92  9887     4
   51 12257     1
   95 12016     2
   73 10653     6
   91 17801    10
   26 14088     2
   54 17354     3
   78 17742     8
   65 12366     7
   69 13309     8
   64 10088     5
   57 13482     9
   82 10679     4
   78  9847     9
   71 16936     7
   54 16567     1
   35 13505     8
   49 15531     8
   26 12550    10
   20  9860     5
   75 11775     1
   28 17671     9
   72 10928     8
   41 11354     7
   35 12242     9
   88  9487     7
   10 10950    10
   59 10746     3
   48  9567     8
   15 11181     3
  100 15930     6
   40 10234     2
