 450
   96 20178     6
   61 13459     1
   43 21244     5
   61 16712     7
   88 17788     5
   25 18981     4
   37 21650     7
    2 18228     2
   32 18142     9
    3 19152     5
   87 15036     3
   81 19193     5
   66 15305    10
   96 16921     8
   70 15305     5
   47 15275     2
   11 13746     1
   37 17583     8
   55 21391    10
   60 16050     3
   63 19878     6
   87 13727     9
   66 17497     1
   84 18006     1
  100 16517     6
   75 13604     7
   89 16013     6
   32 19862     7
   86 18951     3
   11 18288     1
    9 21622     8
   82 17094     8
   71 18527     1
   51 20831     2
   43 20586     4
   59 14280     6
   76 17776     5
   80 20200    10
   60 19288     7
    8 13883     4
   82 17317     5
   47 21105    10
   89 19857     8
   48 19402     5
   42 15991     7
   58 21943     2
   95 21458     7
   53 16518     7
   95 17490    10
   49 20813     6
   12 19348    10
   57 15333     6
   36 21321     5
   78 14809    10
   40 20120     6
   36 15803    10
   53 15193     7
   29 14098     1
   67 13629     7
   38 20925     9
   40 19166     2
   76 22032     4
   20 15983     7
   10 15658     2
   27 20827     6
   62 14533    10
   69 16718     7
    2 16568    10
   41 21513    10
   28 13971     4
    9 17231     3
   23 16794     5
   75 21856     4
   98 15053     1
   70 14161     9
   17 15812    10
   56 14960     3
   64 13583     6
   69 19110     7
   50 19231     3
   13 21177     1
   81 16422     7
    6 21344     8
   48 20463     5
   58 18011     6
   46 19429     4
   83 14230     5
   10 19985     2
   75 20307     5
   49 14639     1
   48 18874     1
   14 17438     6
   25 14635     5
   68 21637     7
   24 19876     8
   51 13427    10
   29 14135     7
   92 14558     4
   52 16776    10
   70 13612     6
   20 15309     8
   61 20788     3
   92 17187    10
   95 15130     1
   59 13805     3
   61 18129     9
   11 17722     1
   14 15545     6
   25 18493     4
   80 14797     8
   63 21556     8
   37 17634     5
   61 17999     4
   69 20865     5
   85 16062    10
   19 13975    10
   15 18259     8
   67 17072     4
   28 20741     2
   89 16531     2
   16 18492     5
   76 17579     3
    3 20749     8
   41 19908     9
   43 17181     9
   27 18589     5
   91 20116     9
   72 18096     5
   18 19928     9
   43 14856     8
   41 18489     1
   38 22017     6
    4 13608     1
   32 13640     1
   33 15112     7
   62 14193     4
   93 18550    10
   43 19615     8
   75 16519     9
   18 15007     4
   23 21192     6
   37 16040     6
   55 19422     8
   83 17155    10
    6 14869     1
   39 13448     7
    1 17911    10
   20 19909     8
    6 17300     1
   29 16616     1
    8 14404    10
   22 13757     5
    5 20976     4
   11 21933     7
   62 20445     3
   47 16121     2
   37 18487     2
   52 18525     2
   19 20998     7
   55 16379    10
   95 20162    10
   59 17451     8
   93 16361     6
   98 20550    10
   91 17872     8
   25 18253     2
   59 21523     3
   84 14386     7
   68 15832    10
   34 16007     2
    2 16173    10
   90 14988     6
   71 18827     7
   56 13559     8
   73 18924     5
   76 20477     7
   95 13788     5
   74 14800     4
   95 18350     5
    1 17868     5
    2 18197     5
    3 19535     5
   22 18406     9
    7 17137     8
   14 19433     1
   83 16815     2
   54 20039    10
   50 15884     3
   35 13305     3
   72 19002     6
    5 19044     2
   29 20247     3
   31 14418     3
   97 13369     7
   26 18762     2
   22 19070     1
   21 18403     9
   85 18250     5
    6 20237     8
   88 21016     9
   18 21037     6
    7 14374     8
   78 13969     4
   88 17828     3
   63 14714     5
   50 19673     8
   63 16270     9
   57 15282     9
   23 21254     2
   58 21400     4
   57 19931     4
   25 17415     7
   61 18900     8
   79 16301     2
   32 21333     4
   74 16297     9
   61 19897     4
   85 19337     3
   24 18961     1
   96 19983     6
   56 16304     9
   28 15970     3
   24 18195     9
   87 17502     2
   24 16119     9
   50 14921     1
    8 14536     2
   45 21302     8
   34 19951     5
   14 21553    10
   33 20283     6
   51 18953     1
   20 13892     7
   10 21032     9
   39 14745     3
   83 15387     2
   59 18670     7
    2 17795     2
   40 17450     1
   82 17888     8
   59 17160     6
   97 15345     4
    7 13268     4
   20 14024     3
   75 18427     5
   38 21382     8
   94 17102     1
   36 16289     8
   22 18684     1
   17 14027     2
   31 14237     4
   78 21768     9
   45 16777     4
   54 19212     3
   65 17234     1
   68 19677     3
    3 20914     3
   73 18551     3
   13 18944    10
   36 18830     7
   86 18069     2
   45 17191     5
   87 15747     8
    5 18741     9
   54 16187     4
   25 17273     1
   87 20909    10
   13 21637     1
   26 21849     2
   26 16323    10
   95 17490     8
   85 16974     7
   22 18449     3
    1 17539     2
    5 17778    10
   97 14841     8
   38 16885    10
   98 21660     1
   32 17911     6
   60 13533    10
   14 13652     2
   62 18928    10
   38 13266     9
   58 17210     5
   15 16105     2
    2 17280    10
   26 14852     7
   18 14984     4
   74 13796     2
   39 20576     7
   54 20594     1
   59 18645     4
   83 15732     2
   40 14306     8
   64 15350     2
   37 18700     5
   65 18359     8
   51 14224     1
   50 18302     5
   91 18173    10
   76 17327     1
   44 13756     3
   76 21927     7
   98 13740     4
   44 18076     5
   80 17669     7
   94 15362     1
   82 21741     5
   77 17294     7
   25 20053     7
   41 13239     4
   91 17727     8
   87 16946     6
   79 13285     3
   49 21718     3
    1 19832     8
   80 17346     2
   75 14535    10
   19 21596     2
   54 17922     4
   13 21891     6
   72 20155     2
   12 14531     7
   96 15588     7
   11 21241     9
   76 16662     8
   32 21068     2
   75 17565     7
   26 17666     9
   81 17335     7
   65 13702     7
    2 21774    10
   24 17872    10
   40 13593     4
   99 13479     3
   68 13912     5
   20 18043    10
   93 15621     4
   49 13618     9
   96 13302     6
   18 13639    10
   90 13637     3
   87 17809     3
    4 17365     6
   68 13703     5
   35 17492     6
    5 15161     4
   48 17829     7
    9 18807     5
   23 14722     5
    1 13716    10
   22 18663    10
   94 21657     6
   13 15028     7
   17 21031     7
    4 20863     5
   89 18470     4
   49 20064     8
   79 16392     2
   14 14101     3
   29 15364     5
   44 16874     8
   15 13839     3
   53 20016     5
   84 17247     1
   13 14099     5
   21 20708     9
    3 13255     1
    6 16500     9
   70 21106     8
   99 13337     6
   23 16920     9
   59 21524    10
   86 17926     9
   26 21065     5
   27 22007     5
   20 13383     4
   31 14191     8
   74 17801     2
   29 18970     8
   53 15693     2
   75 18297     1
   50 15597     7
   46 15315     8
   88 20105     7
   66 14593     4
   50 14142     3
   76 16540     1
   14 21438     2
   29 17314     4
   90 17421     4
   43 14766     6
   73 20969     2
    4 18041     6
   96 21562     1
   56 16181     3
   17 18920     1
   16 20235     9
   59 16216     3
   22 13385    10
   85 19306     7
   58 16333     9
   44 17085     8
   44 18794     6
   43 21040     7
   70 16115     2
   70 18765     1
   63 21203    10
    1 17086    10
   44 14530     2
   91 18138     7
   53 19560     2
   19 19607     3
   40 20516     4
   99 21656     9
    7 17677    10
    5 21889     7
   49 13762     2
   83 20997    10
   19 21292     8
   77 17857     5
   72 16383     4
   61 14022     4
   50 16790     7
   75 21204    10
   57 13549     4
    5 19752     9
   91 18089    10
   72 20564     3
   64 13932     2
   12 18255    10
   57 17834     9
   22 17046    10
   56 13304     7
  100 14593     5
   64 16050     7
   26 16200     9
   70 20138     6
   27 15218     6
   27 20067     8
   14 21449     8
   17 20136     3
   79 17592     9
   32 19021    10
   56 18617     7
   78 17212     8
   38 14662     9
   61 18470     3
   26 17754     9
   20 13623     9
