 450
   27 11908     1
   68 15185     5
   32 23321     1
   21 20206     6
   50 12895    10
   50 22423     2
   22 23206     6
   84 13166     2
   87 11138     9
   99 21937     5
   68 21818     4
    2 11936     3
   71 11888     3
   10 18557     7
   60 20324     4
   55 15184     6
   17 19162     8
    4 12856     3
   30 22285     1
   95 22514     2
   26 16934     8
    4 15634     4
   43 17319     2
   31 18162     5
   14 11802     5
   12 16734    10
   56 21774     6
   64 17503     2
   79 12475     2
    4 12979     6
   85 23371     5
    6 13346     3
   72 17127     1
   17 22407     5
   27 22514     9
   21 18984    10
   66 20546     7
   49 21435     4
    4 21113     2
   52 20646     5
   47 19088     8
   72 18646     6
   53 21544     8
   17 19938     1
   81 12919     2
   13 17584     2
   72 24085     6
   97 21044    10
   17 19403     4
    2 22086     6
   92 19273     1
   42 12052     2
    6 13435    10
   34 12308     3
   73 19177     6
   19 14200     4
   46 18005     2
   28 16667     2
   83 20665     6
   25 19442     4
   32 18608     7
   68 19751    10
   31 21750     6
    4 11451     7
   84 17873     5
   57 19980     4
   24 19398     7
   49 14134     1
    5 17130     7
   28 16226     9
    1 23743     6
   51 11934     5
   99 23835     4
   54 21003     4
   68 20834     5
   80 12470     6
   66 14302     5
   40 20635    10
   76 22476     5
   83 22667     9
   42 18436     6
   68 17465     6
   24 23682    10
   47 20833     5
    1 18735     8
   97 18574     6
   66 23995     9
   47 12456    10
   24 24203     7
   48 20376     4
   71 20860     4
   56 18527     4
   15 15842     3
    1 18326     9
   59 18940    10
   98 22678     8
   57 14021     3
   83 14053     7
   47 12528     9
   61 20114    10
   10 19242     5
   47 11986     4
   12 21010     5
    9 18792     9
  100 21951     8
   80 17560     9
   88 20225     4
   66 11969     3
   20 13910     9
   64 18416     9
   48 23598     1
   61 21308     5
   31 11596     5
   72 22995    10
    8 17857    10
   31 19294     3
   68 17285     5
   73 17568     8
   78 20712     3
   92 17204     2
   20 13659     1
   48 17288     6
   48 11447     5
   35 18464     4
   48 11329     5
    6 19349     5
   32 16858     1
    5 14313     7
   88 22365     1
   79 18349     9
   65 23390     7
   98 17323     6
   25 19297     3
   77 20116     1
    6 11831     4
   25 16964    10
   57 13391    10
   94 21018     8
   90 17895     2
   76 16264     9
   57 15149     6
   38 17208     3
   37 13288     3
   87 15708     1
    9 15919     2
   44 20108     2
   18 23965     3
   77 22167     7
   17 13391    10
   95 20392     5
   69 15086     8
   36 16013    10
   42 13396    10
   16 15495     3
   70 23440     4
   90 13687     4
   22 23807     7
    2 16013     4
   94 16963     1
   10 21887     8
   80 23324     3
   59 16068     8
    7 14926     4
    5 18337     5
   35 11899     9
   13 15719     7
   29 24264     5
   92 14253     9
    6 12452     5
   19 17874     7
   68 19479     7
   62 16564     1
   56 24045     9
    4 21730     9
   49 21234     1
   65 15679     1
   48 17553     1
   67 20915     3
   42 13562     8
   64 19906    10
   61 17023     8
   10 17610     6
  100 11635    10
    3 19381     8
   26 22067     8
   70 24037     3
   92 22031     1
   47 21590     5
   72 15766     6
   86 14709     2
   56 19193     3
   52 14806     9
   44 19740    10
   63 23081     6
   56 22106     4
   79 20601     8
   76 14515     3
   85 22085     9
   70 23817     6
   81 15929     7
    3 15674     5
   37 19011     2
   43 21456     7
   59 15434     4
   41 16457     1
   92 18406     7
   24 20076     5
   88 22972     1
   58 15036    10
   65 22601     2
   52 18593     1
   18 21021     7
   75 15926     7
   51 19191    10
   21 16117     4
  100 13709     5
   21 18943     2
   13 13864     5
   47 24261     9
   92 23672     8
   98 17536     7
    3 19169     1
   43 14193     6
   42 12991     6
   66 17966     6
   98 12014    10
   20 22555     4
   41 21443     8
   82 23061     8
   89 22087    10
   22 13088     5
   85 14451     3
   26 16814     2
   64 23506     1
   43 18848     7
   66 22233     3
   56 17627     8
   67 14640     1
   54 20921     4
   13 21625     8
   31 12956     2
    5 15230     4
   31 18362     5
    6 17844     9
   56 23383     3
   51 23441     9
    6 20516     3
   76 18041     5
   63 13021     3
   52 20493     1
   68 17428     2
   61 19519    10
   55 15377     2
   10 20584     8
    2 21472     6
   20 22306     8
    8 21561     7
   22 19743    10
   61 19464     6
   90 20338     4
   11 17546     9
   82 21514    10
   74 23751     6
   36 23322     1
   46 20735     1
   17 18315     2
    2 21271     3
    1 14078     9
   83 21917     2
   55 17907     6
   13 11418     6
   14 23835     4
   59 22099     9
   43 18742    10
   19 17395     3
   15 21197     2
   94 17899     8
   25 13627     5
   90 14954     6
   57 19882     1
   77 23082     6
   57 21345     7
   17 15117     1
   31 14175     8
   67 17645     4
   19 12304     6
   51 12196     5
   74 14921     1
   40 21010     5
   11 20622    10
   64 24221     4
   50 14271     4
   93 17852    10
   37 23687     9
   86 13309     4
   38 14303    10
   54 17717     1
   87 23542     6
   38 17343     8
   37 15350     3
   41 17165     2
   51 17723     4
   51 14901     7
  100 14980    10
   94 12181     3
   69 21258     9
   14 11893     2
   87 19042    10
   94 23848     4
    4 15810     7
   43 14640     1
   70 22645    10
   61 12870     4
   60 18719     1
    1 12535     7
   27 19477     8
   79 19986     7
   51 13694     2
    1 23360     8
   19 16712     1
   62 23279     1
   64 23297     1
   68 19945     5
   54 16846    10
    1 22699    10
   54 22216     9
   91 20111    10
   55 16132     1
   40 21474     5
   29 13169     8
   91 20444     3
   80 14355     6
   79 19855     1
   41 11060     9
   80 18297     6
   72 20999     3
   10 21281     8
   93 19153     7
   59 15757     3
    3 20844     2
   97 23925     3
    2 19359     3
   73 19205     2
   57 12511     7
   61 13794     4
   73 20703     8
   84 20950     4
   40 22743    10
   24 23359    10
   85 20026     1
   58 15170     1
   85 22353    10
   49 19039     2
   26 24077     5
   39 14915    10
   49 17453     2
   79 22009     4
   29 23988    10
    4 22548     2
   18 19199     8
   58 12873     7
   94 18708     5
   98 22516     3
   37 21691     7
   35 18731     4
   77 16528     8
    8 18405    10
   44 15727     2
   70 11397     5
   66 23124     3
   47 12287     3
   67 24284     8
   68 18199     6
   20 20454     4
   24 12510     4
   28 20955     9
   92 16873     2
    7 22423     7
   68 19414     8
   15 15947     1
   92 18165     8
   26 23546     8
  100 14016     1
   40 12919    10
   51 23339     3
   38 17893     1
   89 19335     2
   30 21063     6
   67 17597    10
   92 17599     4
   48 15977     4
   24 19433     7
   86 12022     8
   45 14209     6
   61 16839     4
   20 19715     1
   22 19699     4
   68 24207     4
   64 11158     2
   92 20058     9
   34 23047     6
   11 12407     5
   58 20058     6
    1 16961     1
   30 21824     8
   81 21530     9
   29 13632     9
   21 14412    10
   88 19669     6
   97 22008     7
   36 19322    10
   79 13549     4
   22 21269     5
   35 22300     1
   19 15431     4
   72 20324     8
   73 15909     1
    7 23728     5
    2 17103     4
   39 22469     1
   98 17042     8
   49 22043     7
   63 17617     8
   83 18027     6
   94 11967     3
   23 23419     1
    3 13457     7
   15 20628     6
   91 23341     4
   66 13577     9
    7 16402     5
   25 22103     9
   76 14947     3
   64 12176    10
   25 14780    10
    5 12487     1
   44 22669     9
   54 17374     9
   26 15861    10
   31 18053     4
   50 15097     5
   61 24146    10
   10 20565     8
   72 12082    10
   96 22161     1
   28 11711     1
   44 21369     8
   68 13786     2
   34 11155     6
   45 14187     1
