 450
    1  2292     9
   96  3345     9
   38  3563    10
   26  3127    10
   29  2552     5
   40  4968    10
   81  5418     1
   22  4270     9
   91  6197     3
   94  2666     1
   99  4842     4
   10  4614     4
   96  5456     3
   37  2645     2
   34  2805     6
   79  4558     2
   49  5401     9
   34  5786     4
   35  3889     6
   57  5385     2
    9  3018     2
   40  3715    10
   46  3079     5
   60  3863     5
    4  4150     9
   78  6002     7
   27  5560     5
   66  3169     3
   32  2807     9
   78  2553     5
    6  3854     2
   33  2922     8
   74  3721     4
   43  5240     2
   58  3872     7
    2  4096     9
   83  3677     2
   38  2758     7
   24  6190     7
   73  3343     4
   32  3248     8
   22  4501     1
   83  5781     8
   28  6527     1
   58  4969     2
   16  6409     4
    6  4553     2
    7  3839     1
   50  5664     7
   40  6266     7
   63  2693     3
   58  6505     9
   80  3449     7
    9  3596     7
   18  3836     3
   84  5422     5
   87  3067     4
   45  2864     7
   50  6414     7
   18  3697     2
   23  3241     2
   56  3737     9
   50  4442    10
   96  4785     5
   99  2446     1
    7  6138     6
   98  2350     3
   81  3947     3
   45  2365     3
   21  6364     9
   54  5113     6
   76  3436    10
   42  4333    10
   36  4363     4
    3  3431     1
  100  2771     2
   52  4240     7
    8  5808     2
    6  4433     2
    1  3373     3
   48  5542     9
   69  4949     5
   59  3346     1
   27  2459     5
   78  6368     2
   77  5006     4
   11  5705    10
   64  2903     6
   21  5694    10
   61  5587     7
   81  4424     8
   44  2404     1
   16  2793     6
   31  2334     7
   39  5012     6
   15  3062     6
   37  6296     2
   36  5186     8
   95  4832     9
   81  6484     5
   57  5018     7
   48  3414     4
   56  3388     4
   99  2820     6
   84  5600     8
   59  4643     5
   98  3414     7
   36  3309     4
   66  3919     6
    4  5670     9
   36  4505     7
   13  2929     5
   72  4088     3
   95  5675     7
   40  3212     9
   49  3925     5
   71  4150    10
   51  2385     9
   13  4651    10
   92  3313    10
   11  5795     5
   93  2544     7
   35  3540    10
   27  6412    10
   23  2702     3
   74  6376     5
   41  2943     6
   60  2466     5
   10  5030     3
   36  5598     5
   41  2418     9
   66  3517    10
   83  2481     8
   97  3630     3
   64  4161     5
   67  5905     6
   55  6096     7
   62  5398     2
    2  2682     9
   20  3484     3
   65  4537    10
   38  5011     5
   33  4236     7
   37  6448     3
   32  4154     2
   73  5271     5
   86  3841     7
    3  6127     1
   24  5479     4
   98  6316     7
   95  2909     1
   34  4743     8
   91  2328     3
   29  4272    10
   61  4624     8
   13  2853     6
    3  4116     5
    1  5390     4
   73  3143    10
   12  2615     8
   36  4457     8
   13  3385     8
   78  3956     7
   19  4761     6
    9  4838    10
   42  5940     2
   85  4134     1
   63  4403     7
    4  4806     3
   87  4640    10
   83  5711     9
   68  2811     2
   24  3119     4
   16  3415     5
    5  2728     5
   56  5096     5
   89  6510    10
   90  4392     2
   59  4692     6
   12  5458     3
   88  4177     8
   53  5424     6
   46  3670     1
   78  4329     1
   81  3165     6
    6  6117     9
   91  5005     6
   84  5104     1
    6  4975     3
   63  5972     5
   96  5543     8
   42  2900     1
   75  2825     3
   73  2967     5
   60  5485     6
   84  5487     3
   15  2376     6
   45  3087     7
   47  3358     9
   18  5005     8
   32  5550     6
   29  2538     8
   86  5640    10
   55  6492    10
   45  3776     2
   91  6192     5
   11  5057     5
   33  3755     1
   80  4053     6
   69  3218     1
   44  2681     4
   67  6053     3
   21  6466     7
   90  4174     5
   45  3850     3
    2  3099     2
   95  3760     3
   35  2324     8
   85  6027     3
    1  2203     5
   97  6119     3
   80  5038     1
   42  2927     5
   72  2413     6
   53  5829     5
    2  6235     1
   55  5723     8
   68  6028     1
   47  2791     8
    1  2550     7
   86  4502     8
   78  6164     4
   30  2911     4
   71  3610     8
   32  6125     3
   74  4511     5
   61  3270     2
   43  4650     8
    7  6089     6
   41  5147     7
   11  5692     8
   51  2239     9
    8  4668    10
   32  5626     4
   40  4237     3
   53  6342     2
   33  2193     6
   34  5820     6
   87  6490    10
   18  6043     8
   34  5847     1
   83  6078     3
   98  4550     9
   76  2242     5
   54  6314     8
   50  3847     3
   77  6301     6
    9  5506     5
   18  3344     3
   23  2560     3
    9  5879     2
    3  5669     1
  100  2193     6
   38  2258     5
   74  2748     9
   32  6141     9
   12  4592    10
   35  3842    10
   74  4260     6
   19  4150     5
   75  2457     7
   85  3420     3
   69  4212     4
   83  4948     6
   16  2515     7
    9  6272     7
   35  4759     8
   48  2531     2
   42  5560     2
   22  4717     7
   66  6398    10
   76  4875     2
    4  4264    10
   63  4416     8
   51  4941     7
   58  4047     7
   13  6087     1
   28  4711     3
   66  3021     2
   30  2899     4
   51  5094     5
   75  2368     3
   33  6392     5
   50  5110     1
   12  2450     7
    6  2608     3
   82  4720     9
   24  4865     7
   40  4273     2
   55  2448     5
   42  2483     1
   15  4553     8
   40  3692     8
   11  4518     4
   97  2970     4
   55  4030     4
   19  4259     1
   32  5553     1
    3  4385     6
   61  3287     2
   53  3738     7
   68  4251     6
   36  5986     4
   57  5826     6
   31  6491     4
   87  4396     1
   15  3341     3
   44  6047     4
   15  2575     3
   81  4185     4
   74  2415     8
   65  5492     7
   55  4377     7
    6  2275     2
   15  4071     8
   67  4650     4
   11  2707     4
   96  2259     6
   90  2983    10
   50  4803     6
   51  2531    10
   32  3290    10
   64  2825     4
   90  4046     7
   42  5632     4
   61  3618     7
   45  5900     1
   60  3359     4
   93  2639     7
   47  3753     7
   20  4470     6
   46  4201     4
   15  5827     2
   56  3924    10
    2  3496    10
   46  5787     5
   43  6144    10
   17  4660     2
   89  5302     9
   58  2187     2
   97  2314     6
   62  5541     6
   22  5503     9
   51  4514     2
   67  5639     8
   36  3042     6
   18  2632     6
   78  6169     2
   32  3124     2
    8  3439     5
   27  4441     7
   83  3478     2
   39  4552     5
   91  5089     1
   72  5348     9
   80  3653     9
   51  6531     8
   17  4716     9
   40  4835     3
   44  2639     4
   63  6292     5
   60  2773     8
   89  4664     8
   78  5588     7
   16  4521     8
   90  5983     7
   23  4844     1
   58  4133     7
    7  4112     9
   12  3615    10
   16  4144     9
    3  4249     4
   73  2624     5
   37  3115     8
   54  2232     6
   40  6086     2
   73  3980     4
   71  2687     1
   17  5724     3
    4  4928     5
   78  3950     5
   44  3634    10
   86  6230     7
   17  6326    10
   34  2191     1
   58  5047     5
   96  3447     8
   85  2191     8
   74  3231     4
   36  6106    10
   28  2653     1
   37  2992     9
   95  2348     8
   16  5140     9
   14  6404     5
   11  4692     5
    6  4592     5
   37  4716     6
   68  2294     1
   12  6527     3
   48  6154     5
   83  4261    10
   14  4245     7
   21  2246     9
   20  5200     7
   68  4300     2
   60  6156     1
   92  2648    10
   39  4811     2
   77  5349     4
   96  5400     5
   17  2229     7
   20  2451     4
   82  5098     1
   33  6378     6
   53  2466     4
   40  3613     6
   29  3294     3
   37  2480     1
   14  4668     9
   64  2868     2
   65  2957     2
   50  5484     7
   59  3039     9
   80  5921    10
   64  5356     2
   69  5555     4
   85  3981     4
  100  3541     7
   37  5672     5
   97  3977     7
   48  3163     1
   20  3402     4
   10  6045     3
   68  3233    10
   39  6425     1
   78  3813     4
   27  2858     1
   31  2542     1
   16  6448     6
