 450
   90 18768     6
    9 17162     4
   95 19168     7
   58 17093     5
    2 19988     4
   16 18537     1
   47 17194     6
   87 19554     4
   32 20213     2
   75 18392     9
   90 16892     7
   63 19101     8
   13 17865     8
   36 16331     2
   87 18420     7
    8 18280     5
   88 16718     4
   97 18244     3
   10 19384     2
   92 19748     6
   10 19078     9
   77 17039    10
   11 17620     6
   13 18996     7
   48 16427     6
   55 19542     7
   28 19388     3
   91 20383     9
   66 18385     5
   42 20389     4
   32 18612     9
   55 16723     1
   50 17120     8
   26 17350     5
   12 17926     5
   51 16678     1
   41 19997     5
   59 19230     1
   38 20343     5
   73 19780     7
   33 17192    10
   27 16804     1
   36 18450     4
   46 19167     7
   62 17246     2
   22 16440     1
   54 17016     1
   50 18074     6
   19 18794     4
   63 15969     3
   41 17392     2
   29 17441     2
   40 17119     2
   52 19122     7
   41 16007     9
   87 17657     8
    7 18234     3
   68 19505     2
   78 17609     6
   72 16189     8
   10 19464     5
    9 20332     5
   27 17022     9
   59 16154     2
   35 17251     9
   38 19059     4
   10 16942     3
   76 16817     4
   97 17859     4
   47 16854     7
   48 16166    10
   30 19161     3
   74 17769     8
   83 18727     4
   75 17898    10
   36 19126    10
    5 19277     4
   28 19024    10
   85 16769     5
   23 17641     7
   91 19104     3
   26 18272     7
   51 19193     9
   30 20334     5
   77 16963     4
   92 19311     8
   17 17560     2
   83 19307     6
   60 18386     9
   94 19280     8
   55 19607     4
   69 17419     4
    3 19181     2
   81 16198     3
   27 17683     6
   37 16001     1
   18 19368     6
   36 18736     8
   12 16929     4
   15 16796     9
   83 19701     5
   60 17206     4
   44 20068     2
   56 17040     3
   43 20043     7
   19 17535     1
   91 20276     2
   47 18890     1
   47 16129     1
   75 16615     7
   70 16100     8
   37 19344     3
  100 18997     3
   21 19403     6
   67 19247     7
   77 20071     6
   12 18283     4
   84 16377     9
   60 18948     2
   71 16239     2
   78 19768     7
   14 18124     6
   39 17768     6
   80 18518     9
   94 18433     8
   66 19562     1
   17 18630    10
   12 17370     3
    2 17868     9
   28 19670     4
   26 18277     1
   84 17138     3
   88 16445     7
   70 17914     3
   39 18289     6
   30 16058     3
   88 19560     3
   30 18134     7
   77 19058     4
   34 19799     4
    5 18860     3
   47 19268     1
   71 18712     6
    5 17427     5
   67 18241     6
   37 17529     3
   81 17067    10
   79 16094    10
   21 18017     2
   40 20125     2
   50 16443     2
   98 17354     9
   53 17819     7
   89 18322     7
   77 19982     8
   46 20362     4
   54 17453     7
   93 18182     7
   57 17302     6
   55 19431     5
   21 17421    10
   83 19689     7
   39 16139     8
    9 17976     6
   52 17173     9
   78 18538     3
   39 18144     9
   39 16302     2
    7 16242     9
   15 16772     3
   73 20212     5
   11 19212     2
   61 20150     3
   43 18494     1
   15 16208     7
   28 17961     9
   79 20133     4
   95 17385     7
    6 18165     8
  100 17720     6
   35 17080     8
   55 18719     9
   97 19184     4
   87 19010     4
   43 16610     5
   73 18736     1
   33 18941     7
   97 18173     1
   66 16487     8
   90 20354     3
   52 17174     6
   87 18018     7
   72 19613    10
   90 17423     4
   96 20105     3
   24 16356     9
   67 20072     6
   34 17819     2
   63 16769     1
   74 20424     5
   48 18701     4
   35 16550     6
   84 19206     7
    9 18421     7
   77 19154     6
   98 19524     3
   36 15951     5
   56 18857    10
   93 16479     9
   41 18227     2
   55 16146     5
   27 17670     6
   96 16515    10
   51 19441     9
   14 16249    10
   39 17235     5
   24 17746    10
   46 19301     7
   35 19519     6
   90 18344     7
   35 19225     9
   87 16262     1
   77 15932     4
    7 18407     9
   77 17796     4
   72 20148     7
   31 18874     7
   43 17438    10
    5 17536     9
   93 19753     7
   16 17431     5
   53 20348     3
   27 20413     2
  100 16206     1
   61 18338     9
    4 19137     8
   98 19841     3
   96 18400     3
   60 17564     8
   90 15890     2
   37 16196     5
   14 17821     2
   17 17670     7
   33 16822     5
   65 16831     1
   31 18030     7
   71 18167     9
   89 18688    10
   76 16901     3
    6 17255     5
   79 16602     7
   11 20236     2
   92 17628     5
   56 16644     1
   18 18213    10
   69 19535     9
   27 16362     7
   48 16656     6
   11 16542     9
   32 18008     6
   41 15978     3
   27 18084     4
   84 17926     8
   68 15960     5
   26 18401     4
   45 20375     7
   71 19208     3
   23 17812     7
   40 18345    10
   31 16341    10
   13 17812     9
   77 18651     4
   45 18272     2
   30 19593     5
    9 19583     9
    9 19214     2
   60 17192     2
   80 17320     8
   98 17471     2
   36 18203     4
   85 18686     2
   77 18183     9
   47 18009     5
   77 20425     7
   32 18938     9
   65 20332     4
   45 19529     5
   59 19410     6
   12 16557    10
   56 20182     4
   90 16988     1
   53 16645     3
   82 17836     7
   74 19024     9
   20 16716     7
    8 20348     1
   18 18969     5
   91 20035    10
   31 17729     8
   58 16883     5
   21 15945    10
   44 19651     6
   34 19645     8
   65 18327     1
   73 18814     1
   43 18797     7
   74 17110     3
   33 20116     2
   22 20228     4
   72 18692     4
   69 17889     5
    7 18483     5
   48 16445     2
   15 20009     9
   84 18478     1
   79 19493     1
   79 19910     3
   29 17577     6
   37 18472     6
   91 16037     2
   84 17328    10
   27 19571     7
   44 16793     5
   66 19275     7
  100 18165     5
   63 17620     2
   74 19192     7
   17 16703    10
   54 17224     1
    4 16490     4
   75 17696     4
   74 17279    10
   48 20252     9
    9 16911     2
   39 19717     1
   21 18635     9
   51 19819     8
   12 16397     3
   53 18321    10
   73 19616     2
   84 19199     7
   21 20321     5
   80 17669     6
   31 19755     9
   36 19899     3
   63 20257     7
   10 18817     9
   15 19378     6
   91 17403     3
   47 16859     5
    6 19525     7
   75 18842     3
   73 15999     1
   49 20428     2
   41 17686     9
   73 18275     5
   11 17617     3
   14 16448     5
   90 19088     5
   64 18952     3
   18 17048     8
   64 16354     8
   38 20341     3
   65 16869     7
   72 17375    10
   76 19627     3
   86 19615     6
   23 16763     8
   88 20135     5
   38 17505     5
   96 15949     9
   71 18904     1
   59 17395     9
   75 17728     5
    2 18228    10
   95 16863     2
   38 17555     2
   12 16614     8
    9 20352     7
   29 19069     5
   58 17584     2
   15 19447     4
    3 17480     7
   31 17694     3
   63 19445     5
   44 19277     5
    4 20079     8
   74 16632     7
   57 19835    10
   93 18737     2
   38 19694    10
   75 16453     8
   57 19201    10
   75 19604     2
   40 17433     4
   29 16146     9
   51 18801     4
   25 16617    10
   51 17020     6
   39 18505     9
   62 18233     4
   47 17080     5
   10 16979     9
   21 19738     3
   21 18919     9
   12 19317     9
   16 16171     5
   59 16043     1
   23 20041     7
   25 16093     2
   87 19223     5
   80 17195     9
   39 19650     6
   90 16272     2
   11 18999     1
    1 18664     1
   33 19660     6
   14 18648     8
   74 19406     8
   89 19065     6
    6 16954     9
   12 18669     7
   64 19628     3
   63 20266     8
   87 17843     9
    3 16630     7
   91 15982     7
   37 16213     2
   27 17358     6
   42 17112     3
   76 18829    10
   89 19701    10
   88 18303     7
   86 19918     9
   10 19009     3
    9 16791     6
   97 18805     7
   25 19290     7
   67 16945     6
   19 18416     3
   49 19493     9
   54 20278    10
   99 19721     2
   87 18713     4
   43 16120     1
    9 18289     2
   88 16946     4
   75 19890     7
   23 16506     9
   62 15921     1
