 450
   77 27153     6
   31 24085     2
   13 22277     4
   95 27481     3
   55 18210     7
   82 22668     9
    3  6873     5
   77 10077     2
   95 19129    10
   42  9972     3
   55  9763    10
   23 20272     7
   58 25633    10
   91 11640     5
   33 10729     6
   39 26424     6
   54  9091     9
   39  9147     3
   48 26971     8
   65 18259     7
   47 11038     5
   96 15070     3
   49 28524     4
   45 16439     6
   90 23065     2
   59 28759     5
   40 16167     8
   22 11104     3
   22 14401     2
   50 22249     2
   42 17721     7
   99 12744     8
   81 17524     4
   54 11189    10
   94 11415    10
   36  6925    10
   36 27209     9
   96 11641     5
   12 10354     2
   30 17529     8
   38 14965     7
   66 13469     2
   53  8991     4
   95 11788     7
   57 18461     6
   85 13073    10
   34  9403     2
   10 20904     5
   24 15573     2
   81  7564    10
   74 10354     1
   70 19964     7
   77 15987     2
   23 10069     5
   15  7593     3
   66 10242     4
   81 10019    10
   55 17113    10
   88 14699     6
    3 17772     1
    5 10552     1
   30 25773     2
    2 23868     9
   86 21428     4
   83  8152     2
   95 28635     8
   21 21706     4
   19 28713    10
   91 11466     3
   32 25413     5
   49 17433     8
   28 19784    10
   98 10072     6
    1 19777     2
   23 24925     7
   55 21886     2
   85 26202     1
   56 27680     9
   64 13981     7
    9 12966     3
   37 28597     8
   38 17688     8
   79 26282     9
   13 15775     9
   60 21110     2
   94 27227     1
   79 19369     2
   41 24481     2
   48 15530     1
   67 27420     7
   44 13443     3
   53 19435     1
   96 24384     9
   45  8502     1
   38 12053     5
   79 25888    10
   40  8328     9
   58 27112     8
   97 25792    10
   30 13146     1
   90 23715     3
   45 14415     7
   58 26283     1
   88 27140     9
   46 27544     9
   81 22398     7
   42 20217     1
   31 24937     9
   37 21269     5
    6 27550     7
   39  9093     1
   73 21057     2
   43 16429     4
   18 28728    10
   85  8022     1
    3  8730     6
   11 27145     1
   64 20743     2
   44 26563     8
   59 13866     1
   30 19354     9
   87 11197    10
   11 26653     2
   26 14928     7
   32 13051    10
   49  9897     6
    4 12007     7
   71 14731     8
    7  8199     4
    1  8989     6
    1 21230     9
   96 25267     6
   46 16757     3
   59 18703     9
   84 23597     4
   91 15492     1
   39 12292     5
   25 15004     5
   21 11620     9
   75 26914    10
   30 13745     1
   59 14065    10
   47 19161     1
   73 23526     5
   76 13984     9
   32 20536     2
   76 25608     1
   87 12320     9
   95 12470     3
   20 23362     8
   45 19538    10
   25 25177     2
    7 27911     7
   56 17382     1
   50 11295     9
   38 12153     6
    5 20632     6
   53 16655     5
    9 20236     4
   11 22184     9
   54 18997     1
   10 12657     2
    7 18641     5
   99  6944     3
   68 24713    10
   90 13429     9
   89 15788     4
    6  8195     5
   14 21785     3
    9 20760     2
   80 28462     4
   44  6721     3
   68 28178     2
   27 18813     5
   17 23600     8
   44 13353     1
   59 10540     7
   92 20399     8
   30 19025     9
   53 16362    10
   12 14951     5
   75  9754     8
   78 12729     1
   18 14053     1
   31 20488     9
   27 17377     9
   55 19558     7
   35 12311     4
   80 27384     4
   64 10985    10
   46 27847     3
   33 17572     4
   73 16994     1
   52 17679     8
   31 17868     7
   40 12898     1
   41 24461     6
   19 27009    10
   46 14446     6
   55 17437     9
   28 18960     2
   26 14098    10
   99 17510     2
   95 18329     4
   52 26264     5
   15 12300     9
   38 25034     4
   10  7994     1
    7 26051     7
   67 15249     3
   63 17709    10
   18 12193     1
   42 18355    10
   41 23790    10
   35 19599     2
   72 10034     9
   67 12358     9
   90 10347     8
    7 15698     3
   47 10933     3
   54 14685     7
   52 14736     6
   79 21857     7
   27 25032     8
    4 25767     3
   10 10915     3
   66  9120     9
   45 21418     9
   29  9115     3
   12 16918     5
   99 10046     7
   56 21427     5
   37 24368     4
   98 20908     9
   50 10947     8
   89 21823     8
   13 26561     7
   88  7171     1
   99 23169     9
   19 23802     3
   55 15773     3
   62 12068     8
   37  7186     4
   96 27481     3
    2  7049     8
   72 20137     5
   68  8706     2
   69 12759     7
   62 23837     2
   75 17756     4
   15 17044     9
   15  9712     9
   26 25844     9
   93 10092     5
   41 28097     7
   29 22802     1
    3 14359     8
    7  8407     5
   73 15411     9
   31 16827    10
   19 18678    10
   72 18809     6
   87  9445     5
   56 14237     3
   69 10907     4
   37 13744     2
   44  7250     1
   81  8658     1
   24 14268     3
   43 23771     9
  100 25813     4
   78 23394     6
    4  7030     7
   37 26352     7
   74 22065     9
    6  7431     4
    9 17679     2
   42 24123    10
   74 13543    10
   71 12707     3
   16 13070     4
   88 23940     8
   85 15772     2
   41 10104     2
   81 27384     3
   26 15059     8
   70 26258     3
   83 12934    10
   33 16819     3
   42 12860     2
   14 23113    10
   52  6688     2
   14 25021     7
  100 25910     4
    7 14277     5
   83  7119     1
   36 10845     5
   50 14879     5
   64  9130     2
   59 18465     8
   93  9841     4
   64 28295     6
   37 13049     4
   96 10224    10
  100 25838     3
   11 28467     2
    1 11008     4
    9 14707     4
   52 23781     2
   75 17903     4
   79 20767     7
   67  8041     5
   62 13034     2
   64  7729     8
    8 11498     6
   43 11608     4
   90 16141     6
   77  8947     8
   25 17894     3
   23 26312     8
   19 15159     9
   38 12198     2
   74 26352    10
   32 11371     6
   38  9298     5
   80 11820     4
   15 11842     7
   73 13496    10
   30 20052     9
   78 14324     8
   32 25314     8
   22 23246     3
   41 13810     3
   68  9553     1
   17 26822     2
   41 10838     5
   78  9211     3
   18  9021     6
   49 18898     9
   30 26345     4
   92 20277     9
   27 10855     5
   96 27739     9
   54 26663    10
   90 11936     2
    3 10427     5
   96  9461     3
   79 21430     8
   80 12727     2
   21 20708     6
    2 18932     6
   98 21238     1
   59 26258     7
   75 16475     5
   30 25962     7
   96  6747     2
   54 21648     9
   44  8994     3
   69 13596     1
   83 12890     7
   22 16671     1
  100 10100     9
    5  7326     9
   62 23833     4
   68 13005     9
   22 27501     1
    2 28023     8
   46 15569     1
   39  7712     6
   50 18111     6
   75 13104     5
   31 21342     5
   77 22318     1
   71 12033     3
   85 19195     4
   66 27607     3
   73 15813     7
   80 22009     7
   45 20227    10
   53 21892     9
    1 13908     2
   46 10350     5
   50 14321    10
   59 11356     8
   21 20178     9
   80 11473     7
   55 11456    10
   74 13016     8
   24 13820    10
   23 18404     1
   57 19259     5
   45 23843    10
   23 21856     9
   62 19938     4
    6 18866     3
   90 28214     7
   83 18630     4
    7 18080     1
   36 14974     8
   22 19695    10
   57  7381     7
   10 21431     3
   52 12227     4
   33 23052     7
   81 26816     6
   36 24774     8
   99 21850     9
   53 13820     3
   16 17974     4
   44 13268     9
    5  6903     2
   16 25234     5
   90 16970     3
   55 14576     2
   75  7781     3
   10  8339     2
   35 19402     8
   29 12589     2
   84 14708     9
   58 26574     7
   52 24346     2
   41 27319     3
    2 21608     6
   74 17393     1
    2 18448     6
    8 11664     9
   64 16797     8
   85  8268    10
   14 23097     9
   99 25124     5
    6 21315    10
   71 23830     6
    9 17745     8
   57 26895     4
    4 18073     2
   89 15752     3
   93 22859     1
    3 11113     1
   42 22924     5
    9 12024     5
   47 17734     9
   47 23179     6
   25  8448     9
   37 28057     2
    2  8946     7
   99  9581     2
   47  7586     3
   36 21701     5
   28 15523     4
   30 15646     1
