 450
   55 16239     8
   28 16244     7
   65  2267     5
   88 13514     8
   76   893     3
   70 13087     4
   75  3470     7
   24  4501     9
   72 17988     4
   86 14614     9
   52 10979     6
   81  2215     5
   43   125     9
   48  8504     2
   30  4000     8
   30 14977     3
   58  1900     9
   89 12262    10
   33  6728     1
   22 13076     6
   72 15485     2
   24    26     3
   77 13256     9
   44  9996     3
   80 12934     1
   63  3176     1
   63  7437     6
   97 11876     2
   10  3572     7
   25  4940     2
   19 11033     6
   64  1418     5
   53  2791     8
   84 13301     1
   52 14932     3
   28  3684     1
   53  7994     4
   26     8     9
   52  8185     9
   25  7589     8
   11 14622     8
    3   771     5
    5  9805     2
   54 14747     7
   51  9276     7
   34 13805    10
   84 11331     9
    9 11176     6
   23  7674     9
   17 18059    10
   30  5858     1
   94  4766    10
   40 18086     2
    7   721    10
   37 14763     3
   19 12626     2
   69  3898     1
  100  3806     8
   16  6109     4
   79  7470     7
   25  8747     9
   34 17143     9
   43  8888     2
   77 11538     7
   17 12050    10
   94  5427     4
    5 15222     7
   70  1650     4
   19  5435     3
   57  5014     6
   95  9240     1
   30  1664     1
   60  5786    10
   99   651     3
   84 16412     7
   10 15062     7
   33 14457     2
   67  9349     6
   19  7844     2
   55  3738    10
   83  9014     5
   48 13703     2
   49  8505    10
   22  8707     6
   55 14424     2
   85  4874     2
   41  2939     7
   23 18322     2
   85  8681    10
   56  9048     1
    2  7399     9
    9 17428     9
   89  7798    10
   44 16287    10
   86 10573     5
    6  1454     9
   37  3321     3
   90  7402     1
   76  3105     2
   56  8756     5
   47 12416     6
   70 12345     3
   85 10421     5
    6 18203     6
   68 12997     5
   68  8439     2
   16 14872     2
    1  9060     7
   35 17788     8
   34  4323     4
   56 12799     6
   17  8409     2
   82 18026     6
    4  2910     6
   39 17116     8
   36 14057     7
   89  7784     7
   79  1662     5
   59 13985     8
   73 16466     7
   34 10711     5
   60  2990     6
   82 15500     5
   23   115     4
    3   884     5
   67  7680     9
   28  1569     3
   40  4206     8
   57 15082     9
    3  4675     4
   95 12962     3
    3  9105     5
   73 17020     7
   79  4990     8
    8  8914    10
   41 11623     2
   47 13429     9
   24  5393     2
   41  2290     8
   81 12824     7
   57  9716     5
   96 15089     3
   98  2840     9
   39  9348    10
  100 17999     9
   36  1562     6
   74  5011     7
   88  7390     5
   14  3225     1
   33   603     4
   61  5462     1
   47 13936     5
   92  3594    10
   43  2569     5
   69 14052     9
   95  4479     4
    9 10249     4
   97 15622     1
   34  8685     2
   65  6938     2
  100  1903     5
   28  3254     4
   68 16043     6
   72   530     1
    7  8244     1
   75  6563     6
   12 12154     2
   54  3279     9
   99 11957     8
   53 14444     9
   35 16104     6
   55  3279     3
   48 11140     2
   32   550     4
   94 12628     3
   48 10746    10
   67  2113     9
   68 17640     9
   36 18137     5
   80  5338     9
  100 18243     2
   96  5205     6
   27   881     4
   91  3444     1
   39  7775     1
   96 14934     3
   86  7923     5
   47 18025     4
   92 12162     3
   19 16608     6
   12  6569     6
   92 14066     7
   47  1468     9
   79  4218     1
   63 14596     8
   53  9713    10
   54 10782     7
   74  8356     9
    7 12992     9
   52  4345     5
   27  4407     8
   41 10703     4
    7  7625     7
   75 15547     9
   72 11253     7
  100  1859     9
   22  7900     9
   38 13366     5
   67  1105     7
   57  7643     4
   18   310     4
   67   955     9
   53 12849     9
   45  1192     8
   58  4399    10
   91  2230    10
   40 16126    10
   43 12322     5
   38  1862     3
   32  9895     2
   62 10537     1
   49  8432     8
   23  5567     9
    8 12006    10
   28 12651     9
   86  1769     6
   61  3325     9
   82  5039     6
   60 10126     5
   67 16318     7
   33  9385    10
   86 14534     2
    7  8627    10
   40 17011     6
   60 11688     1
   79  1486     6
   40   476     5
   81  1194    10
   17 14852     1
    7  1582     2
   38  8837     3
   34 15163     5
   73  2537     1
   91  3292     2
   79 16356     2
   30  6936    10
   81  5523     1
   19 14088     1
   73   865     5
   19  7386     4
   50  5590     3
   34 11402     5
   67 15818     1
   73 11157     2
   41  5014     4
   95 10075    10
   58 12927     8
    2  8339     2
   76 15115     5
   17  4660     3
   69  6263     9
    8  6107     5
    2   800     4
   76 14890     8
   48  4724    10
   61 12488     5
   54 16377     3
   87  5201     5
   42 13682     5
   70 12835     4
   93  6783     6
   80  4126     8
    4  9605     8
   65  9320     6
   70  7419     9
   82  7567     9
   95 16257     6
   51 12943    10
    1  3262    10
   67 17122    10
   69  1935     3
   50  8852     3
  100 10131     5
   36 17753     4
   22  1616     5
   41 15145     9
   30  9435     3
   80 14543     2
   42  5091     1
    5  6156     8
   96   809     4
   11 11354     9
   13 12263     2
   98  1610     8
   86  7851     6
   60 16988     2
   59 14098     3
   39  5835     9
   46  3795     6
  100  9387     7
    9   276     2
   38 10578     1
   80 13514     4
   13  9882     9
    3  1505     7
   49  2539     3
   95 17450     8
   97 17763     2
  100 15482     2
   95  2318     7
   63 16492     2
   68 17418     5
   44 11171    10
   63  8229     6
    3 16777     8
   66 12787     4
    4  4981     5
   32  7818     1
   45  8937     5
   46 10072     5
   36 13975     8
   41  9746     9
   56  3033     3
   49  7845     9
   38 11357     7
   41 10885     9
    8  6439     1
   97  7061     9
   80 16720     8
   54 10235     6
   96 16449     6
   88 16997     9
   92  2420     6
   76 11569     9
  100  8485     8
   94  3925     2
   25 14109     2
   94  7542     6
   91  3295     4
   24 11198     4
   89  9860     3
   54  1393     5
   91 10222     8
   32  2638     2
   17  9623     1
   93  8606     6
   98 15425     5
   20 14604     5
   25 16425     6
   43  5969    10
   65  6282    10
   61 12006     4
   84 15715     9
   20  9316     3
    9  1458     3
   22  8678     5
   60  1807     1
   17  7897     3
   18 15740     4
   39   133     9
   70 18132     8
   14 13796     9
   27 17130     7
   62  2158     4
   89  6972     8
   26  7222     5
   55  6084     6
   13  2687     9
   20 14764    10
   46  9380     9
   36 13885     2
    8  6231     2
   99 10773     4
   27  5714    10
   40  8870     4
   15  2003     4
   20 14320     5
   38  5902     8
   35 16607     9
   44 12352     1
   81 11871     8
   99  4496     8
    4  5964     4
   64  9193     7
   18 13812     1
   13  7422     7
   85 17871     1
   78 15619     2
   30 15320     9
    2 15218     4
   16 15753    10
  100 15059     6
   15 10620     2
   42 14490     7
   61 17217    10
    4 17592    10
   68  3319     1
   16  4908     5
   16  1886     8
   88 18084     1
   61 14288     4
   52 15772    10
   96  5922     2
   60  6668     7
   78  3092    10
   36 14792     5
   75  8671     1
   97 17413     5
   73  2300     3
    9  6885     9
   41 11371     6
   53 14171     1
    7 11381     7
   45 17336    10
   16  4970     7
   25  6799     7
   57  6365     6
    1  4448     8
    2  4025     8
   87  3291     4
    2  1273     1
   17  1384     7
   86 18350    10
   17 11894     3
   59 15875     4
   46 17174    10
   20 11092     2
   27   800     4
   61  3688     4
   36 12979    10
   15   490     4
   22 17977     7
   87 10357    10
   10  6412     6
   81  6251     3
   65 13450     9
   45  2810     1
   56 14923     4
   61 12469     4
   18  5111     4
   64  3414     2
    1  5447     9
   71   889     4
   71 14795     9
   46  4389     8
   87  5859     1
   95  3201     6
    3 10754     3
   87 10308     8
   96  7226     3
