 450
   18 11547     6
   99 12538     2
   71 24922     5
    2 22810     4
   36 24937     8
    3 25183     2
   10 18894     9
   47 17324     6
   16 21795     3
   60 20068    10
   49 13888     3
   53 12031     9
    8 24993     3
   30 15749     9
   11 24899     2
   96 13826     4
   69 22875     9
   50 20932     4
   57 12254     9
  100 24751     9
   59 18777     9
   43 17860     4
    9 13700    10
   18 18918     7
   41 17284     6
   10 13510     2
   69 21702     4
   91 24079     1
   31 19323     1
   43 16338     2
   60 23431     7
   49 19387     6
   41 17392     4
   30 23088     2
   51 16932    10
   76 17065     1
   33 23007     4
   60 24343     9
   23 22905     6
   48 19537     6
   20 19147     8
   71 11528     8
    1 20084     5
   27 18875     1
    1 15794     6
   11 19718     7
   22 21217     5
   69 13404     4
   61 15385    10
   78 21988     3
   69 12891     3
   19 22679     8
   21 14584     7
   78 15107     3
   37 16332     5
   62 20384     2
   88 17134     4
    5 12770     9
   53 19199     3
   18 24974     5
   47 17624     1
   12 17366    10
   67 19096     1
   88 23533     4
   42 15189     1
   17 24544     1
   63 15333     4
   75 12931     4
   77 23622     9
   86 12973    10
   22 20984    10
   96 17505     7
   57 13018     7
   23 15803     5
   23 24896     7
   57 17328     3
   33 24038     1
   45 20849     2
   26 19248     7
   94 14159    10
   23 17573     5
   95 20656    10
   13 11573     8
   44 20674     1
   72 24279     2
   49 16421     2
    5 15794     2
   60 16148     6
   54 17707     1
   57 23510     5
   77 15857    10
    1 23847     1
   69 15611     4
   44 23470    10
   88 22116     5
   11 19316     4
   61 22749    10
   51 12184     8
   85 20764     8
   37 21107     9
   37 13673     7
    7 16483     8
   33 13348     5
   93 15208     4
   29 20803     2
   55 12979     2
   49 21052     6
   62 19577     2
  100 22345     3
   74 15036     3
   55 22252     1
   22 14654     7
   69 24208     2
   67 22341     8
   65 23845     8
   40 23223     4
   16 13497    10
   70 14375    10
   99 14106     9
   70 19720    10
   27 12620     4
   76 18480     8
   70 18303     1
   96 16748     7
   20 16685     8
   58 15154     5
    6 24581     1
   81 14170     7
    9 15855     2
   91 20080     9
   17 23794     5
   45 18045     9
   97 25080     7
   50 11877    10
   37 21769     3
   26 20618     8
    5 13373     1
   86 17556     9
   88 14931    10
    4 24235     4
   59 21109     1
   42 11918    10
   26 13625     1
   27 20052     3
    9 22775     8
   90 12205     8
   67 18011     6
   25 24789     8
   60 15096     7
   66 20633     4
   94 19245     7
   86 16233     1
   42 13849     2
   63 12284     8
   81 21497     8
   62 19051     9
   21 15955     2
   86 20813     8
   42 21738     6
   29 20326     4
   77 15628     7
   59 20268     1
   73 13106     3
   74 15444     3
    8 20662    10
   10 23391     5
   99 24578     1
   12 22551    10
   95 15683     3
   86 14245    10
   16 21522     3
   54 11527     4
   28 14679    10
   41 23663     4
   81 20096     6
   37 12190     8
   30 24385     1
   47 12842     2
   61 11715     5
   90 14217     8
   13 21992     5
   54 19476     2
   75 18966     8
   55 24358     7
   17 20276     9
   55 15198     5
   16 18145     5
   37 24747    10
   41 24528     3
   57 14618     1
   66 19808     4
   17 14892     9
   15 23402     1
   39 21430     6
   91 18852     2
   23 18799    10
   48 19557    10
   89 18166     2
   35 16086    10
   43 23756     3
   75 20927     2
   50 12344     3
   96 23800     6
    2 24123     1
   90 24524     6
   76 18632     2
   39 24829     8
   20 23644     6
   23 19991     3
   99 25060     3
    9 12596     3
   36 16719     8
   53 19272     5
   84 20079     1
   90 15812     4
   69 14283     3
   38 23794     5
    5 22473     9
    5 13766     3
   79 23057     8
   62 11827     9
   71 22091     6
   96 12685     6
   77 23745    10
    9 18257     1
   86 20053     8
  100 17280     9
   56 12549     1
   75 12955    10
   34 21883     8
   98 24822     3
   49 22398     1
   83 22743    10
   94 23358     9
   51 21257     1
   73 22002     6
   69 16725    10
   89 20822     9
   93 20382     1
   92 25232     3
   88 20617     2
    2 21495     4
   27 16686    10
   40 14625     6
   85 16309     5
   16 21015     4
    8 17425     8
   23 14838     9
   21 18224     3
   13 19707     1
    2 12631     6
   83 18567     2
   83 16534     6
   97 13833     2
   59 17048     1
   92 23307     7
   83 22402    10
   58 22844     9
   47 24373     7
   57 23874     9
   92 19463     7
   45 23930    10
    5 21008     9
   75 16942     7
   39 22023     8
   56 17000    10
   47 13680     2
    7 13484     8
   45 12557     9
   40 22578     2
   98 13452    10
   32 21691    10
   41 18809     6
   25 18655    10
   71 24832     5
   26 23634    10
   40 14405     4
   79 16992     3
   48 13208     9
   60 21145     6
   91 25216     4
   50 14356     5
   43 14447     8
   74 16485    10
   46 16705     7
    1 20011     8
   65 14528     6
   28 13843     6
   59 17591     6
   12 13636     3
   85 12452     5
   51 11790     3
   56 12302     2
   90 21976     3
   25 17248     9
   95 22842    10
   45 13712     3
   71 19444    10
    1 24842     7
   89 14785     1
   11 16758     2
   99 13029     7
   21 24992     1
   51 24083     7
   23 20201     7
   91 24560     6
   77 22453     7
   63 23122     1
   69 16287     9
   24 24178     6
   23 19003     6
   60 16239     2
   73 13270    10
   65 21966     4
   33 21240     1
   19 18492     7
   66 16713     1
   97 24284     7
   47 20851     3
   25 22821     7
    8 12656     9
   31 21820     7
   75 23127     9
   64 13474     1
   21 18532    10
   99 15111     7
   58 24832     1
   65 20761     2
   70 23071     6
   59 24410     8
   54 24062     3
   80 14565     7
   58 12175     4
   74 23790     4
   31 13384     4
   81 20892     1
   65 23085     9
    7 24354     1
   44 18749     1
   33 14108     7
   31 23267     6
   66 12487     7
   92 18864     9
    4 25054     6
   31 22970    10
   24 14839    10
   22 18281     2
   97 14419    10
   21 13859     6
   69 13868     4
   21 11976     6
   29 15031     5
  100 24204     1
   96 23619     5
   93 17022     6
   20 17472    10
   95 13465     1
   50 16589     6
   85 12968     2
   64 25053     6
    9 15734     3
   38 11766     5
   44 14353     3
   67 16426     7
   12 24072     8
   74 16254     7
   48 12053     7
   76 21893     6
   81 15343     7
   91 19319     8
    9 24518     3
   11 13345     3
   57 20323     4
  100 18117     2
   14 13134     8
   87 18028     4
   24 21473     1
   36 19932    10
   83 20964     3
   45 23849     7
    4 22316     4
    4 21456     9
   73 13616     2
    3 21255     4
   99 19811     3
   65 19154     7
   22 13463     4
   93 21792     3
   15 24260     3
    6 14948     5
   57 21581     9
   24 14730     5
   44 15230    10
  100 24450     2
   90 19672     2
   55 14038     7
   74 15440     9
   37 20241     8
   31 24448     3
   54 19299     6
   28 14295     6
   39 23701     6
   65 21161     8
   84 23134     9
   39 16554     7
   78 22812     6
   70 15898     2
   62 12762     8
   14 17479     6
   53 11598     5
    7 25128     5
   17 14530     9
   56 21570     4
   79 13479     6
   20 24302     3
   54 16116     6
   44 21150     3
   41 12500     6
   46 12644     9
   59 20145     5
   47 15965     1
    3 22741     8
   82 23391    10
   90 19711    10
    2 21927    10
   72 17798     1
   45 22266     7
   76 12102     8
    9 12775     9
   76 21449     9
   30 19918     3
   36 15587     4
   14 19885     4
   94 15814     1
   19 13456     3
   52 24956     1
   72 13361     7
   89 17871     4
   14 12454     8
   85 19356     2
   41 17985     9
   20 12317     3
    2 22403     1
   96 14291     2
   99 14313     8
   21 21440     3
   50 18924     7
   43 23979    10
   62 22457     9
   96 20084     6
