 450
   89 20918     7
   92 19351     2
   20 19218    10
   42 16635     8
   69 18621     9
   93 19410     6
   80 14637     4
   50 22171     6
   13 15921     9
   18 18027     1
   95 15683     1
   23 15863     3
   57 14535     3
   54 15706     7
   15 15426     3
   17 22390     5
   79 14532     6
   68 15247     7
   10 18034     4
   70 21696     9
   24 20551     1
   92 14767     1
   58 20623     9
   33 16234     7
   27 18154     3
   21 15392     9
   65 19522     2
   44 17570     6
   36 19170     4
   86 19167     6
   53 19952     4
   25 17350    10
   78 15781     7
   72 16433     4
   66 20344     8
   47 20761     6
   64 22201    10
   45 21340     2
   96 20194     1
   77 15385     9
   63 16629     2
   90 22235     2
   99 17607     1
   20 17523     5
   44 15203     9
   14 19391     3
   36 17176     9
   22 16093     4
   82 20997     9
   46 21568     3
   92 15052     2
    5 18811    10
   37 22693     3
   50 22033     1
   37 21403     6
   63 18109     6
   70 14688     9
    1 18187     8
    7 22037     1
    5 20216     2
   87 14617     3
   59 19252     5
   30 14829     2
   65 16756    10
   31 22044     8
   95 21531     9
   11 14779     5
   95 21507     7
   40 20134    10
    7 21332     6
   71 14155     5
    3 14025     2
   97 20829     8
   70 18120     6
   22 17906     7
   40 22391     6
   83 14774     8
   58 21440     6
   62 15747     9
   65 22129     7
    3 20271     8
   53 17158     1
   69 18202     6
   39 20226     1
    2 16454     1
    6 16868     1
    2 15597     6
   72 17500    10
    6 21414     9
    9 14897     7
   76 14979     1
   93 22389     2
   68 20508     1
    5 16166     3
   58 16408     1
   99 19814     8
  100 14960     2
   68 17546     6
   93 18584     5
   40 21452     2
   75 16140     1
   64 19097    10
   42 21836     3
   71 14232     8
   33 14479     5
   64 17005     9
   10 13886     3
   16 15611     3
   21 15708     4
   71 15991     2
   80 15003     9
   23 22337     2
   24 19508     2
   49 19564     4
   62 19825     2
   26 22320     3
   54 13694     5
   64 21781     8
   97 17082     2
   60 21466     3
   73 13940     4
   73 18419     3
   52 21118     4
   40 20806     4
   78 20944     5
   10 14789     5
   38 17883     2
   77 22262     6
   77 18693    10
   31 13729     6
   16 20976     7
   52 21192    10
   94 19184     6
   58 20074    10
   22 21783     8
   27 20022     1
   21 14341     9
   31 22027    10
   43 21992     3
   41 16407     3
    2 15280     2
   23 14258     1
   64 16006     5
   26 21146     4
   71 20180     4
   25 22190     6
   51 20729     6
   25 20232     9
   89 21233     3
   47 15073     8
   84 18961     1
   61 21532     7
   20 19851     1
   36 17342     4
    1 19601     1
   97 18058     6
   45 18489     8
   39 14746     2
   73 17582     2
   22 14445     8
   69 14834     8
   89 15821     9
   73 21996     7
   63 20377     3
   47 22254     9
   94 21041     4
   90 17661     4
   67 13857     7
   25 20330     4
   32 16916     6
    8 16623    10
   27 21969     5
   55 17532     6
   71 18988     4
   53 20378     9
   26 14974    10
   96 18441    10
    3 18369     5
   50 21565     8
   84 16936     3
   50 19801     3
   33 17789     9
   45 15731     9
   69 16915     3
   69 21489     3
   45 21690     9
   65 21331     9
   13 17241     1
   83 13699    10
   38 16176     1
   35 18045     8
   52 14891     8
   27 18355     9
    7 17303     4
   14 21626     1
   74 17871     7
    1 15607     8
    3 16550     4
   40 18087     4
   26 22295     2
   35 19825     9
   48 21069     4
   52 21527     7
   89 14619     5
   18 17319     7
    4 19167     5
   14 15952     5
   14 22118     6
    7 14799     9
   64 14780     3
   97 16317     8
   57 20958     1
   97 18927     1
   42 18406     7
   25 15135     4
   65 17679     3
   86 17359     5
   90 13729     3
   78 21279     3
   69 17416     5
   28 16263     3
   12 16587    10
   21 18666     3
   55 20976     2
   19 20249     4
   34 17554     3
   28 16109     9
   19 22214     2
   37 20463     6
   67 20555     2
   44 21772     3
   72 17550     5
   15 18886     6
   96 20561     9
   60 18528     9
   32 22563     2
  100 16990     3
   74 20839     4
   45 21944     8
    7 18147     2
   37 21977     6
   42 15524     5
   63 16368     3
   34 18167     6
   84 20289     2
   88 17862     7
   98 22205     9
   70 14911     6
   77 17949     9
   75 20747     2
   38 18685     1
    5 20570     1
   87 14596     2
   58 14614     3
   59 18808     3
    5 21203     5
   92 18527     5
   86 21276     1
   24 20680     7
   29 16252     1
   53 19093     3
   68 19714     9
  100 20161     5
   67 15241     8
   64 17537     8
   60 15952     4
   99 15067    10
   64 20886     1
   34 14053     7
   43 14274     7
   70 16296     2
   70 22389     3
   85 16157     2
   33 19022     5
    3 17819     8
   68 13709     3
   20 14146     1
    1 17287     7
   37 14978     9
   97 18453     9
   76 15296     8
   75 20022     9
    1 16286    10
   63 16251     9
   33 20994     1
   60 21452     2
   68 14716     4
   25 16783     6
   45 19991     3
   91 21755     1
   53 19394     7
   98 16347     5
   59 18731     9
   53 16818     1
   64 17947     3
   23 22627     7
   12 19128     5
   63 19373     2
   86 20776     7
   45 19540     2
    6 20006     8
   56 14334     9
   15 19192     4
   90 22522     9
   88 19715     3
   18 14274     1
   58 22589     2
    8 20220     4
   19 17919     8
   95 14830    10
    5 15935     2
   95 19573     5
   69 21210     8
    6 18580     2
   57 22182     4
    2 19467     9
   65 17295     4
   24 14161     7
   27 22609     5
   10 14548     6
   15 22275     7
   79 19265     1
    8 17254     1
   73 18269     6
   32 22442     2
   72 21559     3
   95 18159     3
   44 18833     7
   34 18194     4
   81 16197    10
   89 15635     8
   39 15463     2
   36 16890     8
    4 21186     1
   29 15247     1
   24 13867     1
   21 21818     1
   86 15098     2
   32 20445     4
   40 17000     9
   80 16286     2
   36 13643     6
   34 13836     3
   49 14759    10
   41 18581     7
   90 22377     6
   51 20584     8
    6 22234     1
   13 13800     3
   77 20456     3
   15 14045     6
   28 22434    10
   56 16983     4
   23 17657     7
  100 17965     6
   87 16688     6
   94 16479     9
   95 22482     9
   31 21879     2
   27 21032     3
   76 15941     8
   19 14777     9
   65 13757     4
   11 19190     5
   22 22321     9
   93 15362     5
   35 19415     6
   43 21402    10
   79 16819     6
   66 17123     9
   82 15665     8
   59 19464     7
    1 17125     5
   16 15859    10
    8 20581     7
   41 22065     1
    5 15498     6
   58 18428     4
   47 21562     1
   18 15657     9
   34 16146     7
   62 21966     7
   45 15353     9
   90 19488    10
   84 16885     3
   45 19676     5
   77 22534     5
   77 19723     2
   40 19420     3
    7 21675     6
    3 18017     4
   15 21720    10
   26 13714     5
   67 18133     8
   26 18172     5
   48 22394     3
   60 19853     2
   60 14850     1
   90 21059     2
   38 13935     8
   25 18332     9
   72 13986     9
   96 19757     5
   25 21815     3
   87 16203     9
    3 17601     1
   66 21143     4
   92 18059     5
   61 22387     4
   12 19967     5
   10 20075     4
   95 15795     1
   74 19196     2
   55 21786     3
   84 21642     1
   57 22440     5
  100 18724     8
   60 21438     5
   33 19425     6
   39 15407     1
   67 20376     1
   36 14705     9
   53 14390     1
   92 20449     6
    3 19196     7
   79 18920     5
   40 20106     8
   62 16311     8
   38 20129     5
   29 18427    10
  100 16605     5
   62 15723     4
    1 18772     9
   96 22720     9
   87 14801     7
   88 21333     7
   99 17583     9
   53 22302     1
   79 16655     2
   59 17233     3
   65 19532     5
   89 13992     6
   53 19386     3
   38 15990     7
   43 22137     8
   37 18291     4
   94 15692     1
   42 18123     6
   97 16991     9
   27 21476     6
