 450
   41  2303     2
   71  7942     7
   94  3423     6
   40    82     9
   77  3173    10
    2  1868    10
   85  4226     2
   13  1318     3
   91   730     5
   87  4081    10
   58  5559     5
   49  3326     6
   19  5122    10
   77   916     6
   54   390    10
   60  5906     6
   33  7995     9
   39  6276     3
   81  3104    10
   97  2353     7
   25  4411     3
   68  5536     1
   43   214     8
    3  8627     1
   99  1332     8
   42  2745    10
   59  1920     7
   19  2785     7
   66    85     1
   26  3682     1
   66  4875     1
    6  2389     3
   97  2318     8
   59  8299     7
   46  2472     2
   73  5492     7
   61   860     6
   31  6698     3
   85  6810    10
   51  1591     1
   17  1473     2
   43  3063     4
  100  4918     6
   36  6596     2
   19  3980    10
   54  5308     6
   96  3195     7
   52  2668     9
   92  2277     9
   76  6300     7
   48  5021     6
   17  6689     1
   44  2530     8
   90  5236     4
   19  6010     2
   42  3863     5
   32  7981     3
   78  7931     9
   60  6649     2
   97  8067     4
    4  2306     9
   26  2218     2
    3  1149     6
  100  4624     7
   85  1210     8
   48  3622     7
   72   809     3
   45  2071     4
   78  1013    10
   57  7620     3
   96  3662     4
   95  2487     1
   99  1376     7
   96  8580    10
   30  9083     2
   17  5357     6
   50  4582     5
   26  2971     9
   69  8025     5
   41  6859     3
    1  9272     5
   16  3740     1
   57  4241     4
   45  2495     3
    6  8976     4
   76   945     5
   87  6358     7
   37  7650     7
   53  8876     3
   47  3700     8
   33  6411    10
   56  1875     2
   72  5919    10
   35  7561     6
   55  6499     8
   57  7129     7
   83  1876     3
   27  7309     1
    2  9200    10
   61  2889     2
   83  5622     3
   97  3556     4
   56  5376     2
   81  6999     9
   93  2830     3
   86  5152     4
   98  3049     5
   42  7412     7
   11  8124     2
   67  1768    10
   83  4964    10
   12  8090     7
   82  5508    10
   40  9206     4
   56  1279     9
   88  5177     4
   15   844     8
   42  7638     5
   24  3521    10
   68   413     1
   88  2031     3
   57   625    10
   24  2289     3
   60  7950     2
   91  8186     6
   79  8789     1
   17  5773     8
   74   755     8
    5  6791     1
   18  5667     8
   35  3645    10
   87  3107     4
   15  9223     2
   90  9022     2
   68   799     2
    7  2746     4
   75  4868     5
   66  3849     7
   49   851     1
   85  3686     7
   32  5617     6
   32  5816     1
   96  2469     3
   14  1819     5
   71  5716     4
   52  3748     1
    1  6996     8
   86  6561     2
   93  2079     6
   25  1211     8
   53  6975     2
   81  4111     8
   81  1837     7
   76  9264     5
   41  2755    10
   72   717     2
   54  8746     5
   57  8529     8
   45  1473    10
   59  6230     6
   74  4889     5
   79  5118     9
   46    31     9
   88  4806     7
   68  4834    10
   13   831     1
   95  7552    10
   43   396     5
   79  4680     7
   44  8404     1
   27  4082     1
   11   991     2
   75  4914     1
   23  6552     3
   24  2810     7
   45  1323     4
   74   994     4
   25   500     5
   31  7884     5
   67  3074     9
   49  1711     2
   83  5552     7
   47  7186     7
   30  3549     9
   59  5510     1
   87   635     6
    1  4266     1
   13  4949     6
   44  9164     4
   46  5739    10
   72  1873     1
   17  4747     9
   24  1551     9
   17  1904     9
    5   246     5
   92  6386     8
   29  2735     9
   99  7799     4
   35  6782     2
    8  7416     5
   42  6897     4
   61  1557     3
   18  8408     7
   17  2504     5
   84  8110     6
   42  1911     3
   62  3827     8
   57  9104     9
   66  2412     8
   92  2405     2
   23  2871     8
   15  4124    10
   75  7958     8
   70   751     5
   44  7673     8
   34  4161     9
   56  1386     1
   44  2632     8
   46  9110     4
   99  1244     4
   89  8372     8
   17  1677     5
   16  5991     2
   13   616     6
   33  3581     3
   20  6238     6
    5  7002     4
   62  6317     2
   18  4730    10
   39  4478     6
   69  4427     7
   60  2320     4
  100  6035     8
   87  3528     3
   76  4824     8
   83  4838     3
   28  5440     6
   37  8652     5
   40  4636     2
   93  7852     3
   29  1751     7
   62  7508    10
    8  2669     3
    3   402     5
   31  8259     4
   51  1036    10
   36  4564     4
   87   339     4
   94  3668     8
   82  4367     8
   86  1583     8
   83  2734     5
   99  6045     2
    1  7575     9
   96  3350     1
   32   319     5
   21  4506     5
  100  1046     4
   93  6637     6
   38  9236     4
   39  5524     9
   62  1757     2
   98  2250     7
   38  2253     6
   48  5286     5
   74  7075     5
   21  7092     9
   76  1419     1
   11  6420    10
   60  2421     1
   68  9272     4
   39  8171     6
   22   623    10
   75  2634     6
   41  8574     1
   53  8883     4
   26  3671     5
   77  3831     4
   39  9222     8
   20  7339     3
   58  8199     1
   25  1499     5
    2   767     8
   57  4937     2
   25  9074     3
   97  4117     8
   88  5257     7
   46  4273     7
   97  5164     2
   81  2587     2
   83  4203     1
   35  1382    10
   43  4345     4
   81  6453     7
   73  3635     6
   91   324     9
   54  4221     2
   94  1421     5
   66  1744     9
   64  1335     1
   53  3843     5
   34  1709     2
    3   200     6
   74  4466     4
    9  4344     7
   44  8774     6
   27  4042     8
   34  8015     2
   20  3299    10
   65  3958     5
   53  6048     4
   78  2191    10
   89  5457     9
   55  6815     2
   34  7129     2
   14  5224     2
   51  1626     9
   21  3079     8
   60   191     8
   48  6790    10
    2  5667    10
   42  4394     9
   82  8173    10
   44   705     4
   23  1540     6
   55  2501     5
   34  1030     2
   77  5762     7
   48  3923     9
   99  2774    10
   40  7097     7
    1  7766     3
   32  4483     1
   43  7297     3
   75  2925     7
   40  8827     8
   86  6765     9
    1  6968     4
   74  7536     9
    5   757     8
   65  1620     8
   26  4277     3
   83  2949     7
   54  7078     7
   80  1785     4
   16   771     8
   68  2995     8
   31  3411     3
   37  3851     6
   27  3187     6
   78   895     3
   39   211     5
   69  7581     4
   60  9068     2
   82   917     9
   92  9121     9
   14  2263     7
   16  1947    10
   68  5576     5
   62  6186     5
   14  4721     9
    7  3367     2
   62  4646     8
   46  9205    10
   49  1358     4
   36  7572     5
   86  8726     7
   35  8124     2
   36  5234     9
   59  6955     5
   40  8881     9
    1  6854     7
   85  1925     8
   22  2524     6
   55  4625     3
   65  3711     1
   38  3296     3
   22  7621     1
   95  7123     3
   75  7147     9
   49  1501     6
   73  8019     6
   13  7358     4
   18  9082     9
   33  7781     7
   95  8275     2
    9  8897     8
   47   738     3
   10   915     1
   76  5167     2
    8  6924     8
   23  5637    10
   83  8534     4
   69  2264     6
   69  5536    10
   32   586     7
    5   529     1
   54  4955     6
   66  8710     9
   41  5763     9
   13  2603     1
    5  8285     8
   41  3310     6
   98  4529     8
   26  1502     3
   95  7936     8
   62  8240     8
   64  4798     6
   17  6250     8
   57  6057     1
   38  2639     4
   66  7752     4
   29  4769     6
   51   690     7
   83  7528     2
   61  3243     3
   45  8966     9
   91  7119    10
    7  3981     6
   54   574    10
   67  2979     1
   15  1599     4
   77  6212    10
   49  2207     5
   84  3863     9
   45  2441     9
   81  2793     2
   88  4392    10
   99  7396     4
   46  2197    10
   28   848     8
   12   693     5
   51  1175     7
   69  4159     4
    9  5222     2
   77  2678     9
   64  2789     2
   70  4156    10
   40  7477     4
   80  9040    10
   27   906     1
   78   809     8
   46  7485     3
   55  5675     7
   28  1499     5
   28  5707     5
   16  8919     9
   72  1158     3
   19  3519     4
   23  3594     4
