 450
   17  4538     6
    4 11190    10
   38  6900     9
    5  7869     3
   59  1978     9
   82  9664     6
   92  4223     7
   73  3641     3
   31  6997     7
   59  6160     2
   86 11424     7
   58  9589     4
   35  5301     6
   98  5874     6
   61   138     9
   79  4934    10
    9  1565     4
   87  4413     5
    2  3878     4
   76  9010     9
   45  9055     3
   98 11239     4
   69  5076    10
   57   319    10
   81  4027     1
   24  8843     9
   35  2854     5
   28 10552     5
   38  7851     6
   47  9971     1
   41  1472     1
   54   910     2
   50  9683    10
   79  8373     9
   59  8780     4
    8   182     9
   60  6558     5
   50  1524    10
   81  3824     1
   90  2077     2
    9  7684     2
   66  3769     7
   48   188     5
   43  1506     7
   64  9644     2
    8   326     4
   21  6441     6
   72 11209     6
   95  4739     9
   23 10319    10
   48  8740     4
   39  2315     1
   21 10080     4
   16  2338     4
   96  2635     1
    1  2628     5
   40 11182     2
   30  5490     5
   29  1701     9
   78  7554     8
   76  3982     5
   69  3174    10
   32  8465     9
   25  2186     5
   47    68     9
   90  5766     2
   33  2368     4
    7  6627     3
   39  7291     2
   13  6193     4
   96  8705     4
   48  3496     4
   79  9962     1
   44  8893     9
   91  5003    10
   43  8128     3
   52  9219     3
   12 11444     6
   15  7858     8
   46  2480     1
   34 10285     6
   62  5120     1
   85  4796     2
   55  8886     9
   78  7459     5
   80  7431     2
   55    35     3
   18  7162     7
    9  1442     7
   83  1737     2
   95  3238     4
   84  5425     1
   52  4911     1
   26   225     2
    9  7611     6
   99  4980    10
   15  5992     4
   41  9980     9
    5   129     2
   54  1804     5
   54  4695     3
    1  8834     6
    2  5301     8
   33  3178     3
   44  6248     5
   92 10304     8
   76 11306     6
   95  3989     8
    4 10270     4
   90  7686     3
   41  6470     8
   37  9076     9
   52  1328     4
   25 11266     9
   91  6484     8
   30  8787     8
    4  7219     1
   46  6520     1
   47  4471     5
   13  8662     7
   29  8257     2
   42  7710     8
   97  2608     8
   80  1690     3
   68  7935    10
    6 10220     3
   79  6670     2
   83  2448     3
   46  8722     2
   83  6800     4
   36  4252     8
  100  1938     5
   83  4155    10
   38  9553     6
   33  5117     8
   27 10404     4
   30  8379     3
    9  4945     3
   22  2915     1
   33  7170     7
   99  1152     5
   62  9385     9
   70  4768     6
   50  2481     9
   86  9173     8
   61 11253     3
   80 11268     7
   90  4913     8
    6  6294     4
   26  4260     1
    3  2097     5
   35  3073     5
   68   491     9
   99  4705     2
   15  4763     8
   35  8427     8
    4  3447     5
   93 11434    10
   17 10875     1
   50   690     7
   75  6755     3
   53  3649     8
   50  2628     1
   58 10911     3
   90  1724     3
   83  7745     8
   85  9836     7
   20 10103     6
   91  1212     1
    6  1273     8
   52  5795     2
   89  2365     6
   67 10658     6
   22 10564     7
   39  4846     4
   53  8353     4
   82 10338    10
   18  4635     1
   42  1788     2
   88  5154     3
   44  8896     1
   45  3885     6
   22  8228     8
   11  9388    10
   43  8591     7
   36  1512     5
   45  6336     7
   47   559     2
   29  1468     5
   61  5733     8
   97  1249     8
    3  8223     8
   14  9383     5
   46  3878     9
   61  7656    10
    3 11107     7
   29   145     7
   46  6013     6
   22  9732     2
   19  1357     7
   51  7286     3
   74  4048     4
    8  3722     2
   17  6466     9
   95  3134     1
   46  8568     5
   70  3340     2
   77  1994     1
   64  1724     5
   12  5128     3
   64  7148     4
    7 10621     6
   56  9014     8
   86  3898     1
   18  8530     6
   98  6126     5
   21  5411     6
   62  3388     2
   45  6685     6
   49  6879    10
   23  9122     9
   41  7934     4
   52  3624     7
   37  7026     4
   87   333     2
   13 11280     7
   39  6654     1
   15   478     8
   58  5815     2
   61  4907     3
   34  1836     5
    8  1622     5
   35  8956     6
   41  5558     6
   25  8089     3
   30   612     7
   87  2647    10
   95 11430     4
    6  2606     7
   50  4372     5
    6  5080     7
   70  9755    10
   56  3515     1
   61  2615     4
   55  2174     1
   73   566     6
   59  8741     9
   76  7585     6
   35  3955     8
    3  3947     5
   25  2985     6
   58  1598     7
   44   403     9
   77  6610     3
   94  8624    10
   31   737     1
   89  6411    10
   33  3800    10
   45  1216     8
   47   747     1
   94  8707     2
   79  3052     3
   55  2370     6
   29  6185     8
   19  8610     8
   80 10459     8
   58  6797     4
    5 11258     8
   74 10411     2
   64  9404    10
   54  4152     2
   79  4012     9
   34  7680     9
   10  7667     3
   40  6627     3
   88  9854    10
   83  8234     9
   98  3889     1
   64  5961     5
   18   710     6
    1  7837     6
   89  8946     1
   76  2309     2
   44  8241     4
   65  4078     4
   70 10933     2
   74  8978     4
   54 10489     3
    3  3254     2
   19 10195     2
    1 11236     4
   96   483     3
   97  1768     4
   55  2128    10
   25  6669     1
   16 10379     1
   35  1109     7
   83  1987     4
   21 10159     8
    9    41     9
   46 11391     4
   75  2832    10
   87  4053     8
   80  7593     3
   84 10499     2
   27 10680    10
   68  5968     2
   67  7254    10
   24  3091    10
   31   450     7
   85  7965     6
   25 10929     5
   20  9397     7
   60 10274     8
   69  7691     9
   84  1996     1
   29  9728     9
   43  5191     2
   38  1007     3
   31  1504    10
   61  3908     3
   38   765     7
   27  1988     3
   58  5676     6
   93  2893     6
   51  8657     3
   73  4577     7
   27  4002     3
   34 10644     7
   94  3258     4
   35  4043     2
   79 10557    10
   68  6090     4
   22  8097     9
   59  6671     2
   52  5110     5
   49  7299     8
   26  1161     3
   18   886     5
   73 10390     8
   57  1612     9
    2  8851     1
   97  9841     3
   76 11010     6
   62  7646     8
   65  6054     1
   60  1528     6
   90  5896     6
    7 11246     2
   97  2535     9
   21  7401     6
   68  3675     5
   35  3300     6
   47  9389     8
   26  9352     1
   28  6194     1
   98  6567     1
   99  2451     7
   54 10196     4
   31  5733     7
   92  5709     1
   89  2761     5
   10  4811     6
   59   320     4
   11 10858     4
   68     4     8
   10  5431     9
   59  6679     1
   94  1165    10
   28  6318     4
   31  5590     9
   50  2778     9
   29  3690     4
   27  3953     1
   25  2309     4
   90 11337     1
   92 10007     2
   84  3837    10
   80  5755     7
   99  9774     4
   81  6373     8
  100  1677     2
   67  1971     9
   15  9674     3
   47 11066    10
   92 11323     9
   42  4389     4
   45  6155    10
   90  2295     6
   96  3107     7
   76   409     7
   81  8005     6
   85  5868     2
   85  5221     3
   40  8325     9
   95  5248     5
   53  5225    10
   49  2278     8
   54   448     6
   46  6391    10
   76  8596     1
   84  6039     4
   96  9169     8
    5   808     4
   11  9993     5
   20     0     2
   94   667     5
    3  8521     6
    4  3837     1
   74  6422     1
    1  6817    10
   84 10211     9
   74  8100     2
   68  8789     8
   99  8406     2
   20  7688     1
   59  8634     6
   40  1316     6
   65  2364     1
   49 10930     1
   36  4424     2
   40  2774     7
   30  7456     7
   20 10293     4
   25  7995     9
   69  4303     5
   15  4063     8
   77  1741     8
   17  6581     3
   68  4512     3
   23  8133     8
   93  3699     3
   52 10551     7
   18  5823     5
   97  4507     7
   63  9066     1
   38  5824     7
   91  5174     2
   65  6108     7
   41  9662     7
   65   118     2
   66  1447     6
   24  8394     6
   38  8218     4
   33 10237     3
   23  5321     7
   57  4427     5
   92  7392     9
   62  6638     2
   21  6792     5
