 450
   45  4221    10
   74  3862     2
   91  7381     4
   18  5508     9
   24  4423     7
   27  2106     4
   10  9083     3
   33  7157    10
   15  2366     8
   63   930     9
   63  6858     6
   52  7880     3
   35  4417     3
   86  8915     3
   64  5393     5
   67  4339     6
   30  8752     4
   60  6849     9
   93  1244     5
   24  6867    10
   28  6711     6
   44  7637     8
   28  7754     5
   59  5627     9
   59   325     7
   84  1938    10
   95    67     8
   22   281     8
    6  4799     4
   46  1183     8
    9  8663     3
   51  9020     3
   20  5046     9
  100  6715     7
   68  5200     2
   43   140     6
   26  8822    10
   78  4954     5
   75  7298     5
   41  1859     8
   40  5884     3
   38  4827     1
   92   410     1
   75   973     6
   23  4413     3
   55  5804     5
   41  5312     2
   52  3837     7
   15  3325     4
   34  6557     6
   76  1375     6
   43   707     9
   78  4865     4
    3  9130     1
    1  6334     8
   36  5191    10
   87  1740     1
   96  6402     5
   58  5472     8
   92  6539     4
   42  7585     2
   66  4807    10
   43  6231     7
   61  3303     1
   66  2194     6
   10  2102     9
    3  3444     7
   92  1687     6
   87  7057     3
   78  1413     1
   32  3547     4
   27  3613     6
   15  6240     2
   24  3958     4
    1  4586     1
   38  1325     5
   78   433     9
   42   570     2
   89  5162     1
   93  3758     3
   76  7127     8
   65  6538     7
   36  4466     2
   53  2663     1
   67  6339     8
   36  1472     9
   88  7854     1
   53  8079     8
   32  7875     4
   46  3998     9
   45  5290     2
   73  6132     6
   11  8805     8
   88  2193     8
   33   106     7
   77  1670     4
   98  4296     7
   36  3550     3
   68  3357    10
   84  2024     9
   13  4963     4
   99  6905     3
   11  5638     4
   28  1875     5
   22  1534     7
   12   895     4
   65  3200     9
  100  1967     5
   53  1465     6
   54  8362    10
   93  5726     8
   28  8593     3
   18  5571     7
   28   864     9
   80  1927     4
   85  2582     4
   64  2336     7
   68   453     5
   38  1333     2
   96   883     1
   13  4451     3
   83  6623     3
   68  7015     6
   24  3927     1
   70  8816     1
  100  7121     3
  100  5598     5
   67  3784     7
   36  1343     5
   68  8956     5
   51  5808     5
   48  6306     8
   67  6532     7
   61  2118     9
   76  8181     3
   88  8066     4
   72  3013     2
   41  2053     2
   88   704     9
   25  4479     8
   94  1087     2
   81  6431     6
   53  3744     1
   12  6658     8
    8  7295     4
   33  5671     5
   96  9241     2
   72   303     1
    1  6125     9
   33  1245     3
   67  1186     2
   14  1247     2
   16  7868     5
   35  8202     8
   37  5175     2
   85  7356     5
   34  5994    10
   37  1444     7
   51  1812     2
   70  7338     4
    4  1071     1
    1  7620     6
   18  4315     2
   71  7603     8
   62   410     4
   93  3168     5
   59  6340     1
   34  3424     6
   33  5222     6
   46  7045    10
   59  7904     4
   27  6309     8
   26  4148     6
   11  2319     4
   38  3639     5
   34  2115    10
   44  7991     8
   34  3551     7
    6  2418    10
   44  4787     7
   66  4796     9
   73  3605     2
   57  6034     8
   81  3336     4
    7  2478     9
   94  1880    10
   66  1364     9
   41  8473     8
   30  3325     6
   17  3176    10
   10  6482     2
   34  4396     7
   17  1468     6
   27  1469     4
    4  2671     4
   79  1878    10
   19  4638     8
   62  9012     5
   12  5302     6
   52   531     4
    8  6729     4
   71  3877     9
   78  6840     1
   34  1548    10
   81  6196     3
   16  1151     6
   68  3663     9
   24  4858    10
   49  4702     2
   74  6082     8
   68   316     6
   15   169    10
   46   358     9
   24  6351     4
   96  3505     4
   52  2837     8
   17  8232     3
   61  4870     2
   92  1981     5
   47  2228     9
   77  8046     1
    2  8464     7
   81  6625     5
   94   185     7
   28   604    10
   85  9296     9
   73  2063     6
   47  5243     8
   47  8980     3
   85  7365     1
   98  5774     1
   54  6380     7
   55  1913    10
   76  3286     2
   88  7928     6
   36  8110     2
   92  4437     7
   55  2263     4
   59  3639     2
   40  9139     8
   28  8345     2
   26  3956     7
   54  9309     8
   74  8704     1
   50   978     1
   50  3486     1
   25  2212     8
   67  9211     3
   11  8356     3
   17  4194     3
   13  2110     2
   87  7073     4
   19  3329    10
   94  8736     6
   81  7258    10
   46  3934     9
   78  8703     4
   53  9322     6
   92  9177     7
   25  8355     7
   38  7358     6
   90  5623     7
   79  5406     4
   92  9272     6
   66  8910     9
   66  4005     9
   27  8053     7
   57  4018     5
   21  6268     3
   86  2364     9
   97  3829     3
   49  5285     5
   12  6320     6
   51  3810     1
   22  4660     5
   61  7299     6
  100  7296     2
   47  6872     3
   28  7181     9
   10  6324     4
   64  1738     6
   41  9292    10
   97  4069     7
   82  5067     5
   34  8699     5
   78  1998     7
   28  9002     4
   12  8074     9
   30  1991     2
   20  8850    10
   36  7100     6
   67    21     8
    9  5144     7
   14  3177     9
   59  9293     3
   75  4725     5
   79  7182     7
   85  8017    10
   31  8744    10
  100  4122    10
   70  1052     8
   27  3245     2
   48    79     4
   82  7373     3
   77  7055     2
   70  4739     9
   42  5343     8
   77  5023     3
   17  2283     2
   70  3195     6
   86  2018     7
   80  4021     8
   10  3158     6
   83  6087     3
   62  9089     2
   43  2528     1
   60  8086     9
   89  8762     6
   54  1273     9
   90   749     1
    8  8283     6
   89  8373     4
   57   770     8
   17  4099     2
    3  2222     2
   15   734     1
   91  8825     7
   81    76     9
   99  8752    10
   21  8240     6
   81  4198     8
   69   476     8
   48  2157     7
   29  4277     2
   50  7849    10
   25  9212     9
   98  9017    10
   92  3864     8
    1  4907     2
   14  1971     2
   61  7059     4
   87  6926     8
   94  5993     9
   71   889     9
   69  3684     1
   55  5753    10
   13  3418     9
   29  2442    10
   43  5186     6
   67  4692     8
   18  3191    10
   51  4141     1
   56  3737     2
   74  3962     7
   67  8241     3
   58  5959     4
   88  4697     7
   57  7737     9
   39  6035     2
   87  4121     7
   78  6649     5
   19   905    10
   56  4597     4
   26  8806     1
   47  5183     1
    6  3118     4
   50  8690    10
   45  4871     1
   97  6982     1
   51  4268     1
   58  6843     2
   58  4713     5
   38  1866     9
   51  3507    10
   29  5602     4
    6  5551     9
    6  9261    10
   41  9021     2
   35  7993     8
   49  5119     6
    7  4384    10
   52  1856     7
   99  9261     7
   63  8122     1
   25  5819     4
   65  8173     9
   20  4752     4
   13  1187     1
   22  6582     8
   58  1459     6
   99  5308     7
  100  3903     2
   77  2364     6
   55   577     1
   25  3381     3
   24  7548     6
   60  3695     5
   75  2743     2
   68  3091     7
   57  1349     5
   25  7012     3
   26   605     9
   15  6062    10
   62  8878     1
   77  4113     9
   43  2335     3
   68  5100     9
   82  4046     8
   83  2028     5
    2  3764     7
   30  9165     4
   90  6413     4
   54  5621     3
   29  9097    10
   53  5206     5
   78  2111     7
   94  7942     8
   72   629     8
   91  3299     7
   15  5196     6
   30  2089     4
   90  8607     4
   14  9099     7
    7  4454     9
   44  9185     5
   39  3152     9
   30  2673     5
    3  3551     9
   13  5895     1
   97  5765     1
   60  4900     4
   38  3578     3
   23  6370    10
   74  1634     3
  100  3128     3
   99  1155     8
   16  3970     6
   67  8228     2
   80  5201     6
   99  5998    10
   69  2664     8
   10  5038     9
   89  3082     3
   22  8285     1
   38  4807     8
   41  8288     7
  100  1068     7
   31  3420     6
   12  8918     5
   90  4367     4
