 450
   49  1801     3
   91  2870     7
   77  4332     9
   72  4484    10
   82  3846     3
   36  1191    10
   41  3626     7
   16  1117     9
   65  3078     4
   48  2783     2
   83  4382     4
   78  3498     4
   74   987     4
   40  4047     9
   81  2263     4
   49  3899     2
   48  4099     7
    6  3908     5
   12  4407     9
   82  3937     7
   50  1273     2
   56  1502     6
   42   169    10
   95  2654     1
   89   746     3
   99  1884     8
   87  4032     1
   94  2493     1
   14   708     7
   85  4255     8
   65  3423    10
   63  2509     9
   75  2378     5
   42  3009     9
   35  2247     9
   57  1478     7
   77  4200     8
   76  1126     5
   72  2596     6
   41  2532     1
   23  3910     7
   55  2231    10
   19  1284     4
   97   150     1
   95  1531     8
   99  3547     8
   45  4050     3
   43   884     4
    5  2709     3
   57  3711     1
   25    75    10
   54  3982     4
   12   466     6
   66   244    10
   48  1890     5
  100  1213     9
   64  2129     7
   35  1175     5
   94  3706     9
   78  2837     4
   20   684     2
   58  2383     9
   41   600     2
   95  3063     6
   99   645     7
   76  2848    10
   51  4542     3
   75    99     5
   51  3975     5
   23  2391     9
   16  2631     6
   74  3138     1
   77  4622     8
   34  3915    10
   70  3289     1
   72  1407     5
   33  2716     7
   15  2592     3
   14  2291     8
   37   678    10
   71  1556     4
   38  2366     7
   91  4660     4
   82  2023    10
    3  2611     7
   39  1804     8
   82  3236     8
   67  4740     3
   74  2980     2
   75  2195     7
   45  2831     7
   93  3664     4
   32  4578     5
   86  3431     9
   88  1981    10
   31   477     2
   61  1533     9
   38  1776     3
    5   576     7
   12   761     3
   60  4167     1
   21  3207     2
   85  3899     3
   37  4042     8
   55  2376     1
   55  2441     4
    8   703     3
   87   345     8
   69   287     7
   21  2995    10
   24  1023     8
   39  1844    10
   59   615     7
   15   937     1
   21  3867     9
   62  3226     3
   54  2741     9
    2  2357     7
   28  3220     6
   27   975    10
   77  4553     3
   73  1304     2
   20  4640     4
    9  4385     8
   59  4736    10
    7  1874     3
   39   115     9
   19  1523     8
   45  3650     5
   44   692     6
   31  2284     1
    4  3070     6
   64  3899     7
   15  1437     3
   41  2366     4
   18  1529     8
   69  3878     7
   48  3069     6
    4  1875     6
   38  4166     3
   69  1318     6
   28  2898     3
   76  1263     3
   27  1933     3
   43  3836     3
   97   384     2
   88   412     6
   96  1831     1
   98  2742     8
   16  3633     1
   23  2806     1
   74  2548     1
   89   191     3
   42  2699     4
   83  2187     8
   47   181     3
   49  4573     7
   21  2302     7
   66  1704     1
   93  3476     2
   64  2994     2
   96  3988     1
   97  1800     8
   27  2147     8
   11   678     4
   37  4167     1
   44  3677     6
   80  4557     1
   84  2490     7
   48   805     1
   17  3976     3
   53  3808     3
   76  3703     3
   93   492     6
   80   994     6
   18  2793     6
   89   877     8
   68  1406     1
   13  4624     7
   87  3619     6
   84   293     2
   35  2683     8
   61  1420     6
   72   484     5
   77   636     2
   43  3607     3
   18   665     7
   26   462     8
   63  1163     9
   84  2369     8
   18  3939    10
   27  4158    10
   79  1611     8
   14   993     7
   53  1559     8
   89  2289     2
   50   413     8
   97   489     4
   68  2099     2
   34  2903     5
   44  1294     4
   85  1329     5
   87  1964     8
   20   251     7
   77  1822     1
   66  2958     3
   37  3045     2
   66  2699     8
   33  4365     3
   50  2922     9
   53  1571     3
   16  4658     5
   85   859     6
   13  2992     8
   88   396     9
   62  1495     7
   56  1853    10
    6  1061     6
   87  1958     5
   19  3016     9
   89  3430     3
    4  1151     4
   45  2428     9
   68   295     1
   18  2144     1
   98  3987     7
   56  2584     2
   68  2557     9
   94  4477    10
   24  4684     3
    1   713     3
   38  1025     3
    9  1267     7
   88  2678    10
   57  1277     9
   86  3089     7
   53   890     3
   94  4322     1
   51  1041     5
   86   508     6
   43  2497     9
    4  2613     7
    2   420    10
   28  3357     4
   16   858     4
   89   816     9
   89   105     1
   72  2711     4
   95  1878     4
   75  2064     5
   90   981     3
   83   562     6
   79  3215     9
   34  3409     1
   50   857     6
   96   612    10
   31  2650     7
    6  3442     8
   64  3169     8
   25  2380     6
   30  3379    10
   64  3883     1
   63  3406     9
   39  4646     7
   51  1814     1
   20  4683     8
   24  2989     4
    4  2705     3
   13  4258     8
   75  4030     8
   90  3213     8
   56  2009     7
   78  1897     5
   91  3634     8
   83   619    10
   94  2756     8
   80  4451     6
   72   725     1
   65   720     2
   74  1582     9
   47  2790     5
   54  1702     4
   57  2145     4
   25  1258     3
   88   365     5
    7  3002    10
   21  1871     3
   19  3016     1
   13  1697     7
   84   294    10
   43   650     7
   43   330     7
   48  4177    10
    5  4056     6
   81   229     3
   99  1245    10
   25  3992     3
    4  3218     7
    3  3950     3
   37  3504     1
   79  2502     4
   92  2417    10
   92   766     8
   56  4400     8
   82  1305     7
   75  1386     8
   50  2409     6
   62  1009     2
   47  2112     8
   14  3130     8
   35  2592     1
   93   155     2
   67    85     2
   92  4737     5
   18  1414     5
   54   451     6
   98  2993     4
   38  3285     7
   73  3467     7
   10  4690     1
   22  3579     6
   15  4117     4
   52   273     7
   70  3010     6
   20  3426     9
   33   503    10
   68  4256     6
   44  2672     2
   37  3722     7
   71  3460     8
   81  1429     3
   15  1478     1
   62  1130     8
   73  2196    10
   71  1131     8
   44  2436     5
   48  3583     7
   20  3540     4
    5  3446     7
   94   949     4
   33  1923     2
   40  1291     7
   87  1105     6
  100  2009     3
   31  1282     1
    4  2519    10
   54  2460     8
   29  4275     4
   42  1058     7
   26  1180     4
   39  4219     5
   63  4638     2
   41   551     7
   91  4492     2
   33  2902     8
   61  3978     6
   23   249     2
    1  2411     4
    5  1903     7
   59  3971     8
   71  1124     2
   85  3333    10
   74   702     8
   32  2255     9
   58   783     9
   44  1834     6
   75  4692     3
    5  4366     6
   64   627    10
   80  3391     9
   98   568     9
   97  2551     1
   20  4683     6
   84  1674     4
   96  4560     3
   51  1218     6
   88  4193     4
   50  2273    10
   79   747    10
   29   505    10
   75  3454     4
   18   219     4
   92   397     2
   16  4006     1
    8  4712     6
   24  3299    10
   76  3237     6
   31   214     7
   24   964     3
   81   394     3
   89  4186     4
   94  2088     4
   65  3727     2
   63   141     2
   26  4344     3
   22  4510     1
    6  1976     8
    1  4289     6
   27  4130     6
   70  2603     7
   80  2933     5
   25  4699     5
   66   408     7
  100  2869    10
    9  1626     9
   61   221    10
   50  4088     5
   96  1073     2
   10  2495    10
   29    89     4
   25  1578     2
   85  1202     3
   46   308     8
   16  1975     3
  100   461     4
   53   274     3
   40   528     2
   76  3699     9
   83   488     9
   63  1492     5
   56  4093     2
   72  4674     3
   57  3581     9
   21  3073     3
   34    69     5
   82  3178     1
   43  2837     4
   40  2045     2
   83  2721     6
   69  2221     9
    9  4649     8
   63   908    10
   93  2173     3
   74   311     5
   62  3778    10
    2  3800     1
   35   532     4
   11  3120     4
   97   126     3
   45  3028     4
   39  3209     8
   21  1705     4
   30  4230     7
   85  3518     5
   37  3681     7
   30  4692    10
   37  3792     8
   76  4209     9
    5  3645     9
   20  4281     7
