 450
   43  1990     2
    7  1207     7
    1  5964     6
   21  4668     2
   71  4619     6
   95  5173     6
   41  2110     4
    5  6275     5
    1  4091     6
   26  3709     2
   10  5150     9
   96   852     3
   79  2736     3
   54  4393     7
   20   314     6
   62  4197     3
   12  5503     1
   44  3744     1
   40  6272     4
   92  1458     5
   99  4314     9
   13  2515     4
   13  5834     5
   65  2954     2
    6  1840     7
   92   490    10
   58  6185     7
   56  3461     7
   98  4538     2
   55  5128     4
   41  6183     7
   40  6529     4
   61  6335     1
   42  5525     2
   61  4574     6
   31  4332     6
   37  4075     8
    1    62     9
   36  3984     1
   38  1544     3
   27  3771    10
   45  2512     9
   33  2396     6
    5  6508     2
   98   283     5
   53  2710     1
   67  4083     4
   10  5787     6
   96  6455     1
    6  3732     8
    2   622     1
   94  4147    10
   19  6247     1
   14  6457     5
   59   478     1
   24  1465     7
    6   324     4
   16    41     8
   79  4926     4
    4  4863     6
   70  5170     1
   20  4487    10
   43  4769    10
   31  4883     1
   62  3389     2
    4  2720     5
   61  2592     7
   98   842     9
    5  2782     3
   97  6577     7
   35  2386     2
   31  6553     3
   41  2467     6
   67  4783     8
   36  6439     4
   39  2750     1
   19   871     8
    2  3899     8
   49  1915     6
   15   703     9
    8  1008     6
   50  2537     6
    9  4850     8
   27   633     6
   64  2371     1
   67  5329     9
   50  2098     3
   70  2696     5
   83  5370     6
   29   402     6
   73   936    10
   53  3917     7
   49  4889     6
   16  5706    10
   83  2177     8
   10  1656     7
   19  1803     4
   44  4770     4
    8  2498     6
   23  4586     7
   40  4724     1
   42  4884     8
   54  4517     9
   81   569     6
    9  3044     5
   89  4333     3
   20  3320     6
   28  3915     3
   90  1609     1
   68  5235     1
   42  4619     1
   98  2618     6
   18  1149     7
   50  2847     9
   24  3251     1
   82  3521     8
   17  1553     7
   74  5350     4
   51  6218     2
  100   301     3
    3  5752    10
   23   531     1
   52  4218     9
   51  4019     5
   39  6237     1
   35  6396     6
   61  5675     2
   57  1418     4
   79  4543    10
   68  1550     7
   80  6004    10
   19  2645    10
   10  6435     5
   33  3899     9
  100  3214     5
   18  2856     9
   21  1609     1
   19  6534    10
   46   149     1
   11  3219     1
   87  5146     1
   87  4769     2
    8  5837     7
    5  6296     8
   37   993    10
   32  2466     8
   86  3195     5
   53  2546     7
    5  1193     1
   36  2790     6
   53  2847     9
    7   323    10
   59  3321     7
    4   443     8
   57  4342     5
   97  2936     7
   39   216     4
   18  3395     6
   54  4354     1
   17  4760     3
   85  4945     3
   33  3736     1
   36   782     3
   95  4758     7
   65  1012     9
   35  3997     8
   13   992     6
   85  2622    10
   54  3908     7
   58  1141     7
   95  5842     1
   40  2432     8
   44  5910     8
    3  5056     7
   45  2105     6
   81   280     8
   34   899     4
   30  5301    10
   34  2827     4
   38  2093     4
   66  1468     6
   86  5675     3
   45  2416     4
   24  4790     2
   90  6118    10
    2   136     9
   21  1104     9
   29  6335     3
   19  3531     4
   74  5458     9
   45  4472     6
    4  1854     6
    7  2572     9
   81  5255     9
   98  6612     3
   71  3585     7
   15  2629     6
   11   982     8
   56  6207     6
   68  6537     3
   68  2123     4
   51  5427     7
    8  2347    10
   12  1411     2
   53  3860     3
   52  4453     5
   92  1692    10
   87  4760     6
   81  3131     5
   25  4519     3
   25   231    10
   46  4600    10
   11  3572     5
   69  2647     4
   70  2767     2
  100  3067     5
   70  2784     2
   91  3871    10
   28  2779     8
   89  6316     5
   65  2707     8
   73   629     4
   93  1547     1
   71  5280     6
   53  5884     2
   91  1537     4
   42  2242     3
   68  1890     7
    1  2519     2
   97  1827     8
   35  1805     9
   68  4643     6
   47   631     4
   42  4152     9
   79  6055     7
  100  4492     7
   93  1982     4
   71  1124     6
   86  2630     2
   74  5113     8
   96  5644     9
   10  2861     1
   20  3090     8
    6  2593     4
   79  5509     5
   89  5858     9
    6  5661     9
   49  1671     6
   80  3107     8
   34  1818     6
   38  1364     1
   44  5814     6
    7  2447     9
   30  2912     2
   14  4472     1
   60  1708    10
   20  4450     5
   56    91     3
   27  3599     7
   21   347     6
   52  1919     1
   62  5404     5
   88  4990     1
   99  2551     5
    3  2933     4
   67  4422     8
   98   421     1
   96  4915     7
   38  5547     4
   84  3051     2
   70  3406     5
   33  4568     2
   94  5913     3
   89  6497     3
   39   539     6
   73  4800     8
   78  5733     1
   44  6200     4
   21  6471     3
   57  2217     9
   78  1395    10
   59  1212     3
  100  1409     4
   85  3843     9
   88  4124     4
   14  5881     4
   44  5551     8
    8  1951     9
   69  5973     7
   71  2527     5
   28  2299     4
   21  1270     7
   32  1309    10
   16   666     4
   19  3821     2
   35  4242     3
   83  5089     2
   17  4243     2
   31  2535    10
   20  4014     5
  100   671     4
  100  5942     5
   53  1959     7
   94  6585     7
   88  5817     7
   91  2499     2
   66  4762     4
   65  4927     8
   35  2077     6
   87  4610     6
   21   522     6
   13  3472     5
   45  5823     9
   20  1931    10
   97   692     3
   32  3324     3
   34  1190     4
   40  6244     1
   40  5276     1
    2   540    10
   10  2149     6
   68   952     4
   22  1810     7
   42  3458     5
   84  1619     8
   41  5632     8
   76  1078     7
   66    86    10
   57  3252     9
    6  3614     7
   86  4100     4
   57  3924     3
    6  2934     1
   38  6060    10
   50  3886     9
   93  2128     7
   29  1937     2
   16  2025     3
   57   433     4
   63  4014     7
    2    13     8
   78   955    10
   76   863     2
   46  5836     7
   97  2886     9
   72  1556     5
   78  2538     9
   31  4077     2
   12  1178     6
   18  1192     9
   32  4617     2
   22  3328     1
   85  2145     3
   54  6428     8
   63   164     5
   68  3765     1
   94  5438     6
   39  1243     2
   34  3851    10
   51  2067     4
   45  4857     8
   19  1329     4
    7  5991     7
   50  1168     8
   57   767     3
   57  3255     5
   42  3297     5
   85  2704     4
   72  5281     7
   99  3730     9
   48    95     1
   74  5294     5
   76  4685     8
   23   959     3
   20  4508     2
   73   949     7
   94  2516     7
   97   423    10
    3  5026     9
    6  3695     2
   15  1616     9
   35  3021    10
   27   400     3
   99  3761     2
   89  2826     8
   89   565     7
   66   903     3
   82  1641     3
   28  1808     9
   99  4755     2
   33  3709     7
   72    43     6
   18  6084     6
   40  3078     3
   21  1212     4
   74   228     8
   96  6333     8
   63  4509     9
   59  2932     2
   68  4992     5
   62  1617     7
    6  3028     3
   41  3663    10
   37  6302     5
   29  3987     5
   60  1549     1
   10   629     1
   23  6504     2
   57  1972     1
   12  5656    10
   28  3576     4
   71  3588     9
   47  2054     9
   54  3977     6
   70   727     1
   35  4881     6
   42  4543     3
   36  1630     3
   17  6523     9
   69  6352     1
   35  6385     5
   49  3609     5
   41  6395     7
   52  5847    10
   89    65     8
   62   985     1
   26  6075     8
   84  6399     5
   25  5495     9
   84  2385    10
   52  4768    10
   86   489     6
   89  5414     2
   92  1809     9
   23   169    10
   17  2779     7
   52  3358     9
   32   798     1
   39  2660     8
    9  5331    10
   44  6455    10
   67  6237     1
   80  2297     9
   90  1886     9
   20  3591     6
   49  3024     9
   25   145     5
   62  1511     9
   85  4654     1
   42    45     3
