 450
   31 21999     2
   79 15135     9
   61 17225     5
   78 17077     9
    8 21726     9
   60 17044     7
   75 19056     6
   34 17862     9
   80 21589     1
   27 15617     4
   94 21024     6
   46 17809     4
   24 16847     1
   69 16963    10
   90 22055     9
   45 19795     5
   35 17477    10
   59 13833     5
   52 19253     9
   82 21247     6
   24 18827     2
  100 17100     9
   10 20213     8
   75 20647     6
   50 20455     8
   84 16585     4
   48 14943    10
   66 20545     3
   90 17118     4
   29 20022     6
   99 17745     7
   21 16149     6
    8 21378     4
   59 21190     2
   99 19447     4
   15 20136     2
   19 15266     8
   73 15534     9
   48 15029    10
   98 13886     8
  100 17372     2
   42 22274     5
   43 17916     2
   23 20440     3
   10 16268     4
   33 17002    10
   68 17267     7
   44 19965     4
   91 17055     5
   19 22740     6
   25 18244     9
   14 22103     7
   19 16872     5
   34 15489     6
   89 19782     2
   68 14358     2
   18 18295    10
   36 20946     1
   34 21124     4
    8 21633     3
   65 17999     7
   32 15900     1
   28 14814     9
   72 16409    10
   91 14122     3
   26 20481     2
   86 22765     2
    9 15609    10
   99 22235     1
   34 14826     1
    7 15715     8
   98 16639     3
   75 14132     6
   49 19851     9
   21 14111     5
   85 16620    10
   82 13885     9
   88 17598     2
   28 22806     3
   72 17160     4
    6 17370     8
   53 18082     1
   86 16295    10
   24 20462     2
   87 19791     7
   74 22297     1
   92 21041     4
    5 15117     7
   10 20275     2
   25 19196     8
   12 13782    10
   74 15305     9
   57 21317     9
   39 14816     8
   45 17935     8
   48 21660     1
   65 21517    10
   30 17732    10
   57 14300     1
   63 20784    10
   64 18778    10
   63 16236     9
   61 14454     3
   39 19130     6
   12 22307     8
   81 14786     8
   23 21971     5
   93 22412     6
   69 18605    10
   50 21809     8
   65 16604     9
   74 22195     8
    2 16922     9
   50 19120     9
   98 19689    10
   89 22933     6
   24 18449     9
   90 17762     3
   93 15081     2
   33 15755     1
   15 13990     1
    4 15084     1
    6 17281     9
   72 21528    10
   43 16120     8
   50 21436     7
   19 20220    10
    7 14668     7
   80 16199     6
   75 20740     1
   70 21672     7
   44 21198     6
   38 14008    10
   30 22347    10
   82 17360     2
   49 22536     7
   11 14165     7
    4 16362     7
   42 21980     2
   79 18990     7
   54 15203     4
    6 15615     1
   53 18217     4
   56 18345     3
   55 20956     9
   51 14938     3
   44 18309     8
   78 16436     8
   40 18921     6
   36 19611     9
   10 18411     9
   54 19131     7
   39 20915    10
   16 21912     8
   26 17690     6
   82 14067     8
   65 20380     4
   44 14941     6
   88 14955     4
   45 22800    10
   19 21902     6
   57 22848     1
   88 21029     6
   56 22131     5
   87 22227     1
   70 15421     7
    5 21698     2
   97 22613     8
   73 18004     3
   46 20709     3
   76 18634     4
   26 19427     7
   51 22545     3
   28 13883     8
   81 14803     9
    5 20532     2
   78 15041    10
   24 19333     7
   83 13999     9
   18 20182     6
   60 15976     6
   93 18631     7
   72 16345     2
   99 13922     5
    8 17575     4
   97 20256     7
   80 14210     2
   73 14986     8
   40 21418     3
   67 15386     6
   18 14818     8
   59 20351     8
   24 15266     7
    5 22068     3
   14 19514     3
   10 14524     7
   75 14520     9
   18 18243     4
    7 14169     4
   47 18744     2
   63 15983     7
   82 19023     7
   73 15202     8
   14 15559    10
    9 19126     4
   53 16226     6
   19 22312     1
   87 20388     4
   77 21779     3
    1 22531    10
    5 17601     9
   36 14786     8
   94 18194     7
   76 20167     1
   34 14929     2
    2 21989     1
   72 17454     8
   13 15360     4
   74 14007     9
   12 15903    10
   80 16966     9
   91 15045     6
   70 22475     8
    3 18452     5
   96 14144     8
   84 19020    10
   13 19197     1
   70 14885     7
    2 14294     4
   19 19586     4
   17 19849     8
   65 16497     1
  100 15640     1
   89 21272     6
   78 18277    10
    9 20987     4
   42 14529     2
   96 17620     1
   96 18407     8
   18 22529     4
   97 17183     1
  100 22229     6
   54 14347     1
   90 21598     7
   75 19427     7
   87 15497     2
   91 20619     8
   47 13912     4
  100 17077     5
   65 20846     6
   59 16035     3
   79 20263     4
   55 22112     1
   29 15541    10
   82 15746     8
   51 22477     9
   12 20781    10
   94 21163     9
   21 14393     5
   14 21295     4
   13 17780     3
   37 20463     3
   78 14824     4
   13 19641     3
   26 18766     8
   55 19322     4
   21 17659     7
   67 19516     9
   50 13974     5
   17 22287     4
   85 19076     2
   47 17378     5
   16 21547    10
   38 19644     2
   36 16007     2
   91 18005     6
   25 21361     4
   27 22846     9
   38 18137     9
   25 15469     9
   91 20724     4
   96 20392     2
    4 21952     2
   46 19868     5
   25 22154     1
   85 14730    10
   96 19376     3
   37 19967    10
   79 22113     8
   16 19990     7
   50 18294     3
   91 16925    10
   53 17484    10
   27 19338     7
    3 22786     2
   78 22471     7
   81 15692     1
   24 17477     8
   45 19019     6
   31 15887     5
   40 16795     2
   29 15126     8
   77 19485    10
   56 15373     1
   66 20991    10
   13 21713     2
   46 19598     7
   91 19383     3
   39 21591    10
   84 14767     6
   15 21072     2
   29 19346     4
   80 21380     7
   18 20056     3
   74 16246     8
    4 20565     8
    2 21006     2
   70 21842    10
   40 17563     7
   80 20151     9
   86 18864     7
   89 22077    10
   71 14107     9
   38 22568     6
   16 18447     7
   73 13925     1
   16 22071     3
   97 20360     7
   96 17622     9
   60 18121     8
   28 22467     1
   36 20638    10
   88 19468     5
    4 18984     1
   91 22231     1
   54 17490     5
   17 17728     2
   37 18861     7
   44 13904     7
   55 16351     2
   20 19848     3
   59 21197     8
   84 21918     5
  100 18259     9
   76 18285     1
   58 15195     3
    3 15856     6
   78 16323     2
   27 14069     2
   43 19640     3
   57 22695     1
   12 19153     9
   32 18749     3
   28 13833    10
   50 18753     5
   47 14228     9
  100 13979    10
   65 17855     7
   43 20809     5
   96 17821     8
   25 22197     5
   71 20307     6
   31 15491     8
   13 18696    10
   74 16323     6
   22 14753     8
   66 22406     4
   91 20272     8
   58 19835     5
   10 22531     1
   45 22843     9
   78 16715     7
   68 20760     9
   29 21792     3
   77 21194     6
   44 16077     9
   86 14018     5
   80 14082     2
   21 18620     1
   13 14307     7
   22 19943     4
   78 18346     2
   25 19681     6
   53 15723     7
    5 18400     1
   74 15465    10
  100 16172     5
    5 18599     1
   39 19540     7
   43 14012    10
  100 22641     8
   63 18768     2
   13 20540     6
   31 15163     5
   76 14496     2
   87 13894     2
   52 16137     3
   42 13934     6
   77 20386     9
   10 22192     7
   51 22686     6
   22 20261     7
   88 15938     3
   19 20478     5
   50 19084    10
   65 14164     9
   63 22775     3
   36 19323     5
   44 14467    10
   83 18427     4
   48 19851     2
   66 20630     4
   60 13805     5
   72 16564     7
   19 22573    10
   65 18425     6
   46 18249     7
   18 15777     4
   69 14056     6
   84 14821     4
   60 16009     4
   68 22918     4
   47 19810     6
   72 22769     9
   99 15112     8
   22 20526     7
   58 22883    10
   50 17470    10
   63 20680     2
   35 20301     9
   59 16693     7
   14 20397     8
   56 17593     5
   47 18852     9
   33 17906     2
    6 22898     4
   11 19237     8
   95 17713     5
   42 19253     9
   55 19925     7
   77 22360     8
   89 16136    10
   20 17586    10
   37 22385     3
   61 18920     7
   38 17191     9
    1 17842     9
    6 14200     3
   56 19188     3
   70 18118     4
