 450
   68 13814     3
   49 11763     6
   94 14400     7
   86 13828     7
   71 13977     8
   31 11733    10
   58 10795     3
   87 11595     9
   30 14382     7
   43 11771     8
   31 13126     6
   68 13806    10
   18 14166     1
   24 13496     3
    3 14559     8
   88 11220     2
   49 13787     1
   35 11786     9
   71 12725     3
   74 11500     9
   84 13122     6
    6 14728     8
   92 14962     2
   72 12209     8
    3 13091     6
   73 10969     2
   38 13109     4
   15 13693    10
   25 10943    10
   58 11600     3
   70 13007     1
   92 13983     3
    6 12589     8
   63 12321     7
   77 12726     9
   76 11481     6
   94 13280     6
   35 12746     2
   62 12301     4
   23 12576     3
   77 13742    10
   93 14653     9
   90 11297     2
   95 12822    10
   16 13064     2
   92 15082     9
   82 13268     2
   65 11766     2
   27 11782     8
   53 10907     4
   39 12491     1
   11 14130     4
   58 14860     2
   30 12367     3
   82 11254     2
   61 12866     7
    2 12562     5
   19 13588     5
   76 11474     7
   26 12731     4
   77 14414     8
   45 13706     7
   17 11628     6
   82 11917     5
    8 10941     4
   94 13579     5
   58 12623    10
    1 13447     9
   28 11239     6
   20 14150     4
   23 10938     2
    5 14207     6
   12 13718     3
   13 11460     3
   99 11944     5
   28 11697     4
    5 11456     2
   81 14437     6
   93 12688     6
   32 12463    10
   34 14569    10
   32 14404     6
   42 11508     4
   92 14344     1
   61 11686     9
   24 11987     5
   52 12124     7
   63 13473     3
   43 14800     9
   27 12823     4
   89 11118     7
   19 14129     6
   72 11444    10
    6 11972     2
    1 10961     1
   79 11611     3
   99 14777     7
   59 12809    10
   80 14283     2
   27 10931     3
   78 11874     4
    3 14446     3
   32 14363     8
   90 14817     6
   15 10821     6
   30 11221     3
   18 11429     9
   20 11503     8
   11 14884     8
   11 13342     5
   51 13191     7
   45 14367     7
   42 12661     1
   93 13924    10
   36 13625     8
    3 13572     9
   16 10826     5
   87 14975     5
   66 11959     2
   59 14852     3
   14 12713     8
   54 12303     8
   77 13895     9
   86 13382     7
   59 13500    10
   78 14081     9
   64 14219    10
   58 13192     6
   36 11805     9
   44 13416     1
   85 13348     8
   14 12904     2
   46 12777     4
   16 12626     6
    4 12636     7
   61 12823     9
   46 13072     8
   22 13291     6
   80 13551     7
   57 12870     6
   32 11547    10
   31 11657     3
    1 12152     2
   74 13434     1
   23 14807     3
   36 15003    10
   77 11920     9
   39 14858     7
   23 14893     4
   42 13105     1
   97 14624    10
   36 12520     1
   95 14633     8
   74 13434     9
   21 10817     7
   54 13048     7
   51 12430     8
   85 14261     6
   11 11155     3
   87 13460     6
   29 12592     7
   96 13728    10
  100 11279     8
   74 14594    10
   11 11268     5
    4 13141     4
   34 12332     9
   56 13566     3
   25 11346    10
   14 10798     5
   13 11351     8
   57 12119    10
   44 11681     8
   13 12728    10
   30 14778    10
   66 11402     1
   48 12646     9
    7 11613     9
    5 11175     8
   71 12453     2
   48 13943     9
    1 15025     7
    7 14198     2
   43 13491     7
   75 13374     6
   27 14241     9
   96 11454     3
   26 15029     3
   12 13416     5
    7 11834     6
   12 13403     9
   40 10923     2
    2 14787     5
   12 13908     6
   14 14742     1
   13 10970    10
   15 11963    10
   47 11989    10
   69 13761     3
   39 12535    10
   61 12012     4
   81 14338    10
   95 13879     9
    4 12918     1
   93 11981     9
   25 13571     9
   70 13546     1
   41 13852     8
   31 14410     8
   74 13946     9
   11 11219     9
   79 13267     6
   75 13886     6
   17 14643     1
   21 11673     2
   50 12174     1
   44 13798    10
   17 12352     5
   75 12118     4
   56 12129     5
   24 13412    10
   87 14747     2
   96 12277     6
   25 13114     5
   98 13569     8
    9 11934     7
   37 13309     5
   12 14757     7
   56 13148     6
    5 11985     7
   51 12206     7
   16 14385     9
   86 11237     7
   46 11000     5
   20 12218    10
   78 12443     5
   70 13797     4
   89 14989     1
   18 11209     2
    1 13121     1
   62 13850     9
   29 11654     1
   79 11302     7
   37 12651     4
   45 11211     2
  100 12201     8
   86 14051     5
   89 14235     2
   16 13778     3
   60 11083     8
   44 11279     6
   39 12104     3
   47 15055     9
   39 12782     2
   64 14443     8
   44 13538     6
   48 13942     8
    1 12667     3
   56 13210     3
    4 12004     4
    6 13877     9
    6 14642     9
   19 11304     3
   91 14340     5
   52 14867     4
   39 12748     2
   68 11697    10
   21 13578     7
   27 12651     3
   86 12132     2
   22 11613     8
   89 11416     1
   15 13012     3
  100 12141     4
   25 13292     5
   60 13448     4
   99 13567     2
   11 12257     9
   48 12598     5
   15 12260     5
   71 12565     6
   92 13103     1
   54 13590     7
   17 12535     5
   30 10799     2
   17 12948     5
   60 10987     1
   78 13966    10
   18 14840     7
   16 13422     3
   81 10885     3
   23 13632     6
   22 12979     2
  100 11415     5
   13 12886     1
   73 12760     6
   38 13388     7
   81 13809    10
   93 11253     3
   65 10954     9
   67 10856     2
   15 12092    10
   53 11595    10
   81 13093     4
   14 13458     4
   78 14112     4
   40 11456     8
   13 11940     5
   88 11284     3
   88 13279     2
   28 13425     9
   58 13075     9
   79 11297     3
   81 11930     6
   75 14835     3
    9 11322     4
   98 14103     1
   35 15047     3
   86 14513     3
   15 13858     7
   50 13384     6
   67 14624     6
   37 12404     3
   71 11277     8
   67 10953    10
   50 14516     3
   43 13263     3
    4 13567     6
   30 13239     2
   36 13742     6
   68 13746     5
   97 13321     4
   50 15059     6
   21 14566     4
   78 11328     7
   64 13431     9
   98 13593     7
   17 12009     4
   77 14597     3
   85 14102    10
    4 14514     6
    4 12936     2
   43 12092     8
   82 15037     8
   84 14092     8
   17 11841    10
   90 11273     2
   82 13109     9
   52 11803     3
   76 15012     5
   96 11881     5
    1 14413     9
   42 14550    10
   33 13511     7
   72 14916     6
    8 14729    10
   82 12941    10
   15 13093     9
   12 13210     6
   12 11095     1
   51 11750     5
   80 11870    10
    9 13642     4
    1 11723    10
  100 11350     3
   86 14195     1
   64 14380     8
   98 14169    10
    2 11119     5
   40 13891     1
   83 13186     9
    6 14859    10
   44 11742     3
   26 14503     7
   88 14810     8
   28 15059    10
   43 11259     6
   78 10998    10
    9 13083     9
   94 12287     9
   53 10924     4
    4 14189     3
   94 11615     7
   95 14699     4
   37 12615    10
   65 11445     3
    3 14342     4
   19 14782     9
   80 13764     2
   14 12467     9
   30 10792    10
   30 14739     7
   94 13562     9
   39 13659     4
   30 11376     6
   94 14138     2
   24 12769     4
   94 14981     3
   91 13222     2
   26 13113     8
   33 13786     3
   74 11322     1
   31 12887     8
   77 14754     6
   99 15051     7
   19 12612     6
    4 14727     5
   41 11224     3
   96 12835     5
   12 12724     3
   34 12737     1
   48 12984     9
   16 11828     6
   28 13577     8
   43 12598     2
   52 13668     6
   93 14247     1
   45 11855     5
   71 13365     5
   72 12925     3
   58 13547     4
    1 13382     5
    1 12579     9
   52 12024     2
   39 11955     8
   30 13180     4
   45 11077     4
   62 13949     2
   23 13076     7
   36 13524     5
   87 11977    10
   56 11777    10
    9 14071     5
   18 14090     8
   32 11445     5
    7 14036     1
   36 11616     3
   35 11087     9
   47 14486     4
   32 13677     8
   47 13036     2
   81 12137     4
   79 11575     6
   63 14090     8
    8 14939     2
   21 13399     8
   14 12673     4
  100 14101     3
   65 14480     2
   85 10952     9
