 450
   69 11874    10
   62 12308     4
   12 12447     7
   35 11944     9
   27 14223     1
   95 13551     9
   39 12333     6
   16 11346     1
   72 10972     4
   89 12501    10
   92 12522     9
   20 14680     5
   21 11996     4
   71 14203     3
   58 12675     8
    6 12765     9
    8 12553     7
   50 10769     7
   57 14053     8
   79 13402     7
   62 12003     7
   98 11131     4
   85 14698    10
   41 11801     2
   18 12474     3
   48 12564     6
   42 13192     9
   84 11648     7
   83 11806     9
   64 12005    10
   26 11858     2
   51 12961     9
   25 13594     3
   38 13585     8
   86 14186     7
   52 12808     3
   32 12126     7
   24 11510     3
   67 13434     4
    3 12379     1
   13 13292     2
   58 10947     2
   23 12050     5
   33 14568     5
   29 14430     5
   81 14006     3
   39 12323     4
   36 11974     1
   30 14055     9
   96 11367     1
   15 14657     8
   92 11049     6
   93 11778     4
  100 14346     7
   33 12131     7
   11 13533     7
   48 11900     2
   74 14604     6
   95 14462     3
   30 12987     1
   38 11600     5
   20 11310     5
   81 10939     9
   63 14474     8
   57 14175     3
   66 14406     6
   14 12273     1
   88 11292     9
   90 10906     8
   80 14987     4
   91 12952     9
    2 13478     9
   38 10925     6
   13 14282     4
   35 13037     4
   67 14636    10
   93 13279     7
   73 14641     7
    2 11600    10
   23 12324     6
   68 10998     8
   16 11247     8
   14 12654     1
   61 12057     2
   16 14873     4
   46 14065     7
   71 14871     8
   63 11764     6
   20 13659     3
   65 14323     1
   92 14032     7
   57 14539     7
   85 14914     6
   72 14251     5
   20 14004     4
   41 14079     8
   37 13647    10
   33 11267     4
   28 14652     7
   27 13833     8
   13 11245     8
   18 12595     6
   28 12302     6
   51 11450     3
   31 11868    10
   62 14619    10
   17 11076     2
   23 14427     6
   35 14250     7
   18 11957     2
   46 11742     1
    3 14528     4
   34 12485     9
   60 13676     1
   64 11576     5
   50 12349     3
    5 12732     8
   34 11437     3
   12 13393     9
   25 11381    10
   99 10750     3
    3 12416     5
   82 10911     7
   83 14944     9
   75 11657     9
    1 14196     1
   24 14014     6
   12 14585     9
   34 14744     5
   51 13657     3
   38 13409     6
   46 10979     2
   69 11243     9
   65 14991     2
   96 11710     4
   99 12391     8
   27 14601     1
   12 12067     6
   22 11809     3
   61 13841     7
   30 13305     7
   67 12831     4
   64 13360     1
   64 10780     6
   26 11498     5
   27 14216     5
   13 12410     8
   31 13510     3
   61 14934     7
   24 10793     6
   56 14171     2
   60 14965    10
   27 12489    10
   37 14363     9
   43 14899     8
    1 13427     9
   38 13550     9
   66 13904     4
   12 13002     7
   71 13284     3
   16 12552     6
   49 11402     3
   17 13544     5
   84 13075     4
   14 11383     4
   12 14535     8
   83 14747     2
   41 10974     5
   24 11592     3
    4 11546     5
    1 14096     2
   54 14178    10
   71 13657     8
   65 12447     2
   17 14239     5
   97 14435     2
   91 11653     6
   30 11639     3
   27 12935     4
   51 11578     3
   53 11713     9
   83 12097     6
   10 11533     3
   80 13483     9
   20 11451     4
   52 11423    10
   81 11901     7
   57 14281     3
   17 14607     3
   93 14184     4
   28 12555     6
   33 12150     9
   42 14866     6
   45 11090    10
   17 14505     3
   55 11239    10
   57 14905     8
   99 14242     4
   95 11494     4
   80 11488    10
    3 10778     8
   96 14870     5
   33 14946    10
   74 13716     6
   60 12308     7
   50 14176     4
   70 13142     8
   51 13242     3
   79 10805     6
   97 11067     2
    1 14100     5
   32 11799     5
   79 12445     7
   11 14913     8
   11 14562     3
   98 13177     1
   63 11326     7
   91 11454     9
   55 12448     4
   80 10924    10
   83 14918     3
   83 14284     9
   13 12354     8
   24 14774     9
   27 14654     8
   29 11849     1
   79 11003     8
   83 14549     5
   28 11082     4
   74 11778     2
   63 11028     5
   31 11141     2
   70 11639     7
   96 10964     4
    4 14137     7
   29 13227     3
   45 14421     8
   73 12269     4
   80 11459     6
   23 14506     4
   69 12617     5
   81 14839    10
   54 11296     8
   48 14343     2
   91 14742     7
   65 10849    10
   45 12510     3
   54 11059     4
   56 11583     8
  100 14239     6
   33 11263     3
   39 11491     1
   82 13513     4
   45 12897     1
   63 11255     9
    9 13158     2
   74 14027     2
   41 11539     7
   92 12698     6
    2 14389     6
   15 12597     9
   54 13006     1
   32 14810     7
   84 13517     5
   49 13251     4
   36 13937     4
   13 11734     8
   94 12662     1
    9 11197     8
   92 12473     3
   16 12159     4
   77 13094     3
   72 12302     3
   70 12735     2
   25 12428     4
   62 12035    10
   34 12865     1
   70 14218     7
   16 12374     4
   89 13728     9
   69 13447     2
   49 12918     7
   28 14500     9
   51 11951     6
   93 10805     7
   90 10746     8
   59 14390     7
   67 14112     9
   31 11565     5
   51 12078     3
   69 13492     4
   45 13443     3
    4 14365     3
  100 13292     1
   28 11950     8
   53 12606     7
   36 12220     4
   40 12964     6
   47 14549     8
   44 12698     1
   31 14718     9
   62 11698     2
   21 10783     4
    3 12011     1
   32 13714     3
   45 12491     7
   64 13326     1
   65 11570     3
   14 11700     4
   80 14981     4
   54 14578     1
   82 14427     5
   28 12889    10
   82 14069    10
   33 11369     1
   21 12975     7
   71 14095     7
   91 10749     7
   87 12078     5
    1 14940     1
   42 12107     9
   55 14850     9
   45 13374     4
   46 11462     2
   55 13133     9
   73 14604     2
   98 13349     8
   90 14634     2
   12 12559     7
   45 12888     5
   34 12322     3
   43 12267     5
    6 13867     6
   54 12385     6
   45 13558     6
   38 12572     9
   98 14157     3
    9 11875     7
    3 13422     1
   12 10847     6
   88 11847     1
   56 12991     2
   94 14555     1
   16 14016     1
   38 12050     1
   26 10914     1
   36 11982     7
    8 11135     8
   17 10943     8
   23 13340     2
    8 11066     9
   58 12331     7
   78 13181    10
   53 13720     2
    3 13074     8
   33 11305     8
   25 13315     3
    1 11414     6
   23 10929    10
   37 10865    10
   45 13582     1
   56 12532     3
   80 12413     4
   51 12440     7
    9 14198     8
   24 10961    10
   88 14292     5
    7 13345     1
   33 12117     6
   90 12704     5
   18 13473     7
   21 13244     6
   46 14976     6
   11 13018     7
   36 12251     6
   83 12016     7
   36 13212     8
   71 13513     3
   90 12431     4
   53 13436     5
   94 11844     5
   98 12777     2
   10 10758     2
   71 14306     4
   51 11488     4
   13 13112     9
    3 14891     2
   75 14083     6
   13 13806     5
   25 10811     2
   12 14228     6
   58 12379     6
   80 12624     4
   91 11631     9
    8 14099     2
   89 11812     2
   15 11873     9
   95 13382     7
   95 14438     2
   47 13271     4
   85 11077     1
   12 12901     8
   67 11505    10
   30 11043     7
   23 10909     5
    3 13037     6
   13 12339     4
   59 13402     3
   74 11541     9
    2 14051     7
   11 11828     8
   67 12665     3
  100 11818     9
   21 11867     9
   38 11962     7
   50 12586     2
   33 14259     7
   40 11844     8
   25 11660     8
   45 13056     2
   65 11936    10
   36 10879     3
    2 14716     7
   45 13840     3
   26 11790     2
   10 13806     8
   33 14933     5
   40 12944    10
    4 12178     4
   28 14362     6
   87 11205     4
   89 12536     5
   40 12254     4
   54 11991     4
   18 12859     2
   62 12444     9
   56 14308    10
   31 14479     5
   20 10836     2
   29 10839     8
   32 13520     2
   31 11945     9
   96 12785    10
   32 14619     1
   51 13092     7
   33 14028     6
   81 12196     2
   83 12342     4
   73 10862     4
    5 13137    10
