 450
   88  5654     7
   87  2061    10
   44  7202     3
   14 12135     3
   11  7248     3
   65   699     8
   86 13870     6
   30 11917     2
   26  4062     6
   78  5283     6
   74  5204     8
   31 12571    10
   71  3111     2
   15  5851     1
   18 11467     5
   23 14125     1
   67 12194     3
   68  7127     4
   88  7488     6
   85  1501     1
   65 12694     1
   57  3016     5
  100  2178     6
   25  1812     3
   67 12896     2
   31 12482     6
   24 14764     9
   48  9302     7
   70  6803     4
   15 14958     1
    9  5186     1
   58 12457     1
    2   993    10
   52 12389     4
   71  8567     3
   12  8242     3
   16 13088     1
   57  6411     9
   42  4134     4
   42  1125     6
   34 11695     5
   15  9338     2
   73 13696     6
    4 14806     6
   29 15190     2
   90  9137    10
   26 12905     7
   95 11359     5
   58   239     4
   14  4368     2
   80 12860     5
   22 12934     5
   70  7385     7
   80 15039     1
   47 14746     7
   37  4256     9
   10 11495     6
   71 13484     6
   85 13558     6
   80  2272     9
   86 12417     6
   93  2719     6
   38 14730    10
   87 13410     6
   45 15108     9
    9  7272     3
   98  5627     8
   61 12170     9
   65 13683     1
   40  9761     1
    3 13295     4
   98  9352     5
   54  3073     3
   75 10966    10
    2  8133     1
   83  2238     4
   65  4078     9
   28  5013     7
   78 13597     9
   22  4318     3
   41  9382     9
   57 10431     4
   44  1226     7
   11   741     6
   36  9444     4
   90 15973     4
   48  4997     4
   46  4914     9
   60 13431     9
   32  2530    10
   26  7187     8
   45  9823     5
   24  5249     5
   63  5892     7
   32  7208    10
   69  4332     3
   72 13164     9
   29 12835     7
   29   477     2
   36 10821    10
   68  6570     8
   31 13773     6
   34  4148     4
   22  9644    10
    5  8713     5
   36 12281     5
    4 11882     4
   69 12792     4
   63  1269     2
   81  9453     2
   91  1084     6
    4 10651    10
   38  3859     5
   34  2311     3
   15 11393     6
   74 13303     8
   23  2258     6
   62   364    10
   19  2192     7
   83 15690     5
   93  2894     9
   45  9379     4
   28  9487     9
   17  8144     3
    8 15271     1
   59   669     8
   85 12476     6
   79 12409    10
   88 13505     5
   13 12953     7
   14  7205     9
   56  4049     2
   43 10700     3
   48 11353     2
   78 13693     1
   48  3388     7
   83  7609     7
   82  9549     4
   17   155     1
   46  8879     8
   62  2977     6
    7  1240     7
   49  3504     8
  100  6836    10
   40  3551     9
   63 14897     3
   73  4114     8
   63  5809     5
   25 15262     2
   92  6306     5
   46  5474     9
   18  2131    10
   37 15685     9
   73 14961     8
   34 10275     3
   44 14930     9
   32 15631     6
   18  6726     8
   22 11314     8
   20 13110    10
   31  3653     5
   36  2493     6
   76  1134     1
   74 14354     8
   83 13847     8
   53 14827     2
   21  1717     5
   66  5430     4
   34  8351     6
   37  1872     5
   11 14310     2
   96 11329     1
   43  3113     1
   60  1788     9
   96  2139     1
   83  6664     9
   23   660     2
   69  6253     8
   45 12474     4
   47 15922     4
   61 12559     2
   90  1922     3
   64  2027     3
   97 12219    10
   63   858    10
   98 12303     6
   40 11124     9
   95   464     5
   16  3003     4
   61  6412     6
   15 13574     4
   46  6657     9
   97  8906     2
   90 14709     5
   20  4986     6
   80  6727     9
   43 13510     6
   40  6703    10
   45 12158     3
   77  5836     1
   77  8576     4
   56 10442     4
   73  1139     2
   20 11689     5
   15 12231     3
   68  3279     2
    3  2328     4
   37 12891     4
   36  9533     9
   47 14802     7
   84 12788     7
   96  6066     1
   37   699     9
   48 14815    10
   93  2260     1
  100  1558     8
   45 11092     6
   32 13384     9
   95  2022     3
   60 14096     9
   93  3771     5
    9 15596     7
    6  4727     7
   90 12678     6
   99 14279     1
   25  9713     3
   69  3380     5
   41 11764     7
   65   391     2
   14 15539     8
   17  1575     8
   42  8968     6
   69  9956     1
   90  2715     9
   62  4631    10
   84  6161     4
   57  5994    10
   64  6960     3
   21  3027     7
   93 15527     9
   11  5737    10
    4 15816     4
   89  5568    10
   47  6436     8
   52 14606     4
   81  7829    10
   47  7994     6
   96  9672     9
   13  5187     9
   41 10016     9
   56  7743     8
    6  8959     4
   49  9587     5
   61 12470     5
   95  5612     9
   47  7841     6
   86  6158     7
   63  8992     4
   88  3580     3
   50  6549     9
   76  8505     1
    5  5156    10
   92 15517     4
   45  2435     2
   94  7871     9
   53  4123     4
   29  8597     5
   50 13866     9
   16 11084     7
   49 11625     2
   43 13368     7
   27   795     6
   53 11415     6
   31  2911     7
   73  7231     4
    4  9995     9
   12 10740     7
   20 15226    10
  100  3642     8
   24 15928     5
   60  9217     8
   55 11385     5
   29  8861     8
    8  2779     3
   16  7830     9
   24 14474     7
   55 10621     9
    2 13989     5
   86  7440     1
   43 14201     1
   51  4512     3
   62 15946     1
   47  3332    10
   43  4004     7
    7  2355     2
   40 11203     8
   95  8128     1
   35 10953     7
   90  9044     7
   11  3186     7
   84  6553     8
   33  6386     3
   37  3981     3
   36  1942     3
   64  9298    10
   10 11213     7
   40 11938     2
   75  4012     6
   29 10414     6
   40 15581     9
   99  3914     1
   88  3606     4
   95 10941     4
   28 12776     8
   96  6385     7
   11  2745     3
   51 11224     5
   51   980     5
   12   709     8
   37  2639     5
   93 15182     5
   63  5222    10
   98  2559     6
   40  2488     5
    5  9226     7
    5  4915     7
   80 13692     3
  100  1329     7
   39 15868     4
   70  6710     9
   10  4515     4
   22  6396     1
    2 13097     2
   47  8497     6
   58  8339     4
   65  6369     1
   57  3685     2
   98  4251     5
   40 10382     6
   85 14099     8
   38  3807     3
   38 14296     6
   73  1680     2
   32 14748     7
   66 11047     4
   69  8065     8
   43  1468     9
   17  6246     8
   20  9046     2
   54  2177     6
   53  8885     3
   12  8203     7
   16  7399     6
   51 11444     8
   52 10692     1
   21   600     2
   55   333     5
   31  8358     3
   20  1930     9
   94   176     8
  100 15069     2
   30  6446     2
   15  6572     9
    1 12141     3
   77 14943     8
   73 14911     2
   66  2484     3
   33  2603    10
   71  3137     6
    5 12867     9
   17   677     7
    8  6944     9
   43 11137     5
   90  2357     8
   40  5667     5
    8  6159     8
   59 10423     6
   83  7135     3
   24 12405     6
   78  3443     8
   36  9313     9
   77  5265     9
   90 11647     4
   52   687     4
   27   683     6
   41  6313     5
   72  1288     6
   81  1017    10
   71 14672     8
   92  3218     5
   74  1193     8
   70 13715     9
   21  9664     6
   89  7766     6
   71  9830     1
   97  8581     4
   62  6652     7
   36 12315     4
   29 11184     3
   33  9790     3
   41  9156     3
   46 11862    10
   41   708     2
   83  4268     7
   36 14219     8
   80  6376     6
   90 10428     5
   94  8616     3
   62 13512     9
   14  6807    10
   71 12060     1
   98  6800     7
   90 12072     8
   61  7681     4
   49  7487     1
   16 12756     4
    1 13995     8
   21  8775     6
   97 13774     4
   71 12641     5
   12 11993    10
   71 14968     1
   41 10331     4
   33  5631     6
   60  6708     7
   11  4135     5
   30 14213    10
   21 13361     4
   47   425     8
   59  9372     3
   54  7125     6
   87  9582     1
    5  5208     2
   94  7834     7
   69 13850     7
   40  3402    10
   73 14210     3
   59  8252     1
   34 12018     3
   35 11696     2
   73 15060     1
    5  8053     3
   33  2470     9
   62 11107     9
   65 15735     6
   81  9958     9
   78  7838     2
   65 13704     4
    2  2707     5
   75  5586     5
