 450
   75 19125     7
   54  2728     2
    4  5756     3
   18 17995     7
   38 20301     3
   64  5583     8
   42  9012     8
   87 23618     9
   32  2950     3
   85 20412     5
   93 21975    10
    1  5617    10
   63 21311     4
   30  2865     4
   49  7125     7
   32 10188     8
   36  5521     3
    8  9950     1
   84 17318     7
   45  7340    10
   97  4283     8
   60 20786     3
   81 22677     5
   35 12891     2
   82 14671     3
   26 20110    10
   51 15532     4
   84 16415     3
   17 14576    10
   29  3275     9
   31 13457     5
   92  9326     7
   82  3788     1
   35 16998     8
    9  2946     3
   20 21875     3
   98 20367     5
   50  9743     1
    6 21119     1
   30 21102     7
   34  5781     6
   99 18719    10
   30  2345     7
   97  2718     9
   28 19370     4
   78  7255     4
   29 10691     7
   64 22676     6
   86 14991     5
   13  3634     3
    9  5641     6
   82 17059     2
   72 22205     6
   89  3944    10
   17  5576     4
   54 12501     8
   15 21839    10
   68 18894     7
   37  4541    10
   31 12041    10
   96 19954     5
   68 15783     4
   22 19152     6
   78 21527     5
    2  8407     1
   31 19883     9
   97 19028     8
  100  4399     5
   80  5252    10
    3 15772     8
   29 23287     2
   14  8818     5
    1 10116     8
   59 23417     8
   11  9321     4
   29  5112     1
   37  6298     1
   39 17798    10
   92  3413     7
   22 19074     5
   51 19217     3
  100  6840     2
    3 11759     6
   23 17048     8
   89  8569     1
   20 15120    10
   76  5175     5
    3  6034     1
   87  9639     6
   12  7502     5
   33 15860    10
   83  5219     1
   80 21071     9
   55 10637     6
   60  2371     5
   81  5103    10
   85  6145     5
   57 19184     2
   81  7288     5
   65  9183     4
   60 10582    10
   10  6200     6
   79 15786     9
   61 18484     7
   68  5243     3
   89 22893     2
   89 21381     8
    4  9326     4
   28 16316     2
   81 22579     4
   26  4025     9
   78 11159     5
   81  5044     5
   29 13569     5
    1  3832     2
   69 11398     6
   48  4315     4
   76  6792     7
   71 15217     6
   34 11740     9
   88 12080     2
    4  6702     6
   16 14744     9
   67  8776    10
   59 15125     1
   76 14901     4
   48 11665     9
   44 19056     5
   33  9711     6
   28 16738     3
    8  3864     9
   92 18078     5
   38 20724     9
   87 17435     7
   53 12188     2
    5 23752     2
   75 15954     9
   41  9194     9
    9  8703     5
    2  7896     1
   22  7398     3
   34 10513     3
   80 16840     5
    2 10228     7
   63 21868     7
   81 18458     7
   70 19412     3
   10 23969    10
   56 23035     3
   41 10255     8
   44 11335     9
   44 10741     4
   45 14743     4
   59 23864     7
   10 17302     4
    3  5493     4
   35 14391    10
   58  4592     2
   46 22334     9
   68 21888     6
   85 19116     5
   54 23983     7
   59 15592    10
   23 15465     3
   40 17044     4
   12  3405     2
   27 14842     4
   15  8623     3
   52 10384     1
   36 21330     9
   17 14305     4
   73 15568     3
   70  7469     2
   96  6770     8
   75 23582     9
   32  4963     8
   77 23013     4
   45 18619     1
   41  4557     8
   32 21674     7
   85  4499     9
   84 13678     6
   76  8040     1
   29 17028     2
   43 13167     3
   86 23128     4
   32 20306     6
   78  3184     3
   43  3345     6
   77 18265     4
   45 22857     8
   28 20247     1
   31 17874     1
    4 14075     8
   50 11337     4
   70 10543     5
   15 15265     9
   77 23964     8
   84 16952     7
   67 23435     9
   12 20920     6
  100  6882    10
   40 14628     1
   82  4015     7
   96 11438     8
   14 13836    10
   13  6763     5
   72 10076     2
   58  8080     1
   54  9106     3
    4  7376     8
   42 10365     9
   38 20569     8
   79 13201     9
   71  3018     1
   81  9362     1
   64 11954     2
    3 21110     7
   58 10331     3
    7 13085     8
   79 15000     1
    3  8814    10
   34  8958     8
   10  8499     1
    6 20674     8
   84 18080     1
   79 16828     5
   20 11565     6
   60 17670     8
   63  9406     2
   86 10625     5
   72 14216     4
   62 14074     1
   25 23038     5
   53 16016    10
   58 23297     9
   39 12499     5
   66 20564     5
   29  8998    10
   96 18365     5
   20  5296     7
   32 14159     7
   38  4356     4
   58 23650     4
   11  2986     5
    9  5160     4
   38  8637     5
   75 12726     7
   11 24055     1
   96 16754     7
   82 23597     5
   90 14681     1
   98 23354     7
   16  8180     2
   99 20966     1
    3 19654     4
   99 24045     3
   77 13420     6
   23  6844    10
   59 17341    10
   39 20611     7
    9 15254     4
   30  7182     3
    1 10310     8
   34 13918     9
   83 20983     3
   58  9232     6
   72 24203     3
   49 17172     7
   87 16016     5
   67 18193     8
   69 20254     3
   19  5801     2
    5 20335     1
   26 19529     7
   29  6572     7
   13 23281     5
   63  3792     2
    4 17084     3
   23 22961     5
   59 18332     8
   85 16306     7
   12 13268     5
   56 17311     5
  100 22271     9
   10  9859     6
   59 12590     8
   99 21942     1
   87 21064     1
   81 17220     8
   57 14908     1
   26 17301     8
   90  8099     2
   87 19875     4
   26  3236     5
   23 19802    10
   69 16483     6
   84 10254    10
   94 19630     3
   18  9281     3
   70 24056     5
   61 13449    10
   86  5160     6
   88  5482     6
   65  9410     1
   11 22475     3
   17  9840     2
   77  8316     5
   74 24053     4
   20  2549     5
  100  6903     9
   32 18010     2
    5 16641     2
   12 17956     4
   88 10947     6
    5 14537    10
   21  3441    10
   46 21323     4
    3 12105     1
    8 22291    10
   27 14168     1
   59  2638     1
   34 15217     8
   16 20052     2
   46 20299     4
   60 16239     2
   39 15480     2
   15 12408    10
   43 24278     2
   32 10735     5
   32 19475     3
   13 23960     6
   93 21970     5
   18 22420     8
  100  5067     1
   57  7005     5
   28 20521     1
   17 12693     2
   34 13106    10
    2 20199     4
   36 13028     7
   33 17794     9
   34 13835     6
   41  5294     8
   44 11376     2
   21 22567     1
   45 17617     7
   65 12602     2
   67 19515     4
   48  5347     8
   73 10518     1
   94  9309     5
    6  5770     8
    6 23521     9
   10  4987     6
   52 23855     2
   65 15385    10
   48 18252     8
   66 11888     2
    8 15289     2
   79  4612     2
   97  6988     4
   20 14874     7
   71 24368     7
   14  5034     2
   20 17727     8
   28  6998     1
   42 23340     2
   36  6045    10
   61 17890     1
   44 19165     6
   71 16858     6
   94 11310     9
   78  8625     1
   12 19938     3
   37 20472     1
   99  6818     2
   56 13180    10
    2  8699     2
   65 24119     5
    3 16312     7
   74 17003     3
   59  9053     9
    9 19868     5
   79 16149     1
   68 11825     5
   60 19348     7
   44  7159     1
   15  5702     3
   25  6861     8
   51 20234     2
   94  8100     5
   22 11635     2
   70 10733     8
   65  8094     1
   36 14454     3
   89  4086     5
   92 12878     2
   78 13420     5
   24  7916     4
   53  6394     2
   22  8210     1
   95 22560     9
   46 15489    10
   99 14621     2
    6 18123     2
   83 11586    10
   97 19224     3
   62  6928     2
   84 18071     1
   62 18969     8
   65 21026     8
   57 10699     4
   20  3647     7
   74 16519     3
   36  2473     4
   87 13258     2
   33 11493     9
   79  7418     4
    2 16746     4
   58 16139     7
   30  3277     5
   95 22632     8
   80  3400     8
  100 11796     3
   60  6351     9
   15 15639     1
   89 13667     8
   52 17015    10
   93  4684     6
   13 19369     2
    5 21194     2
   14 10680     7
    7 17554     1
   50 12308     1
   12 23086     8
   13 11302     2
   33 21680     1
    9 17936     1
   75 16016     3
   16 15376     2
   70 12530     9
   39 12667     1
   73 23861     5
   89 13963     5
   12  4811     4
    8 24120     9
   76  2847     6
   45 14089     3
   87  7163     2
