 450
   77  3808     2
   51  2554     2
    5  2820     8
   32  1459     2
   34  1085     3
   57  3305     3
   89  2093     4
   56  3252     6
   36   626     8
   69  2147    10
   27  1563     3
   77   832    10
   50   290    10
   55  2909     7
   95  4313     8
    1  1221     8
   18  1066     6
    7  4304     6
   75  2835     3
   28  3328     9
   45   562     4
   70  1396    10
   60    79     5
   29  2513     7
   82  2400    10
   86   432     9
   89  1791     6
   45  1371     8
   15  2961     8
   50  3757     5
   47  3962     6
   92  2435    10
    1  1978     7
   52  2448     3
   23  3894     1
   34  3063     9
    8  1420     6
   11  1654     4
   89  1982     4
   44  2046     4
   79  3802     4
   16  3546     7
   21  2879     3
   29  4092     4
   70  2121     4
   15  2858     1
   29   980     1
   88  3188     9
   21  2829     6
    3  3816     4
   15  2182     8
   66  3392    10
   73   878     3
   75  2262     3
   94  1571     6
   55  3279     2
   60  2695     1
   83  3363     2
   99   316    10
   74  1322     8
   32  2786     7
   46  4279     5
   65  3757     7
   32   431     3
   97  2393     8
   88  3318     8
   66  3495     2
    5  3814     3
   98   639     2
   54  1143     6
   48  1526     6
   77   107     6
   70   356     2
   68    72     9
    5  4200     9
   40  2478     6
   83  2931     9
   33   846     9
   27  1332     5
    3  1426     4
   35   328     2
   42  3515     2
   68   484     4
    8  1207     5
   16  1443     4
   62  2056    10
   62   153     7
   75  4138     4
   44  1085     2
   61   470     6
   49  1127     2
   76  3872     8
    6   415     1
   14   551     8
    8  4303    10
    3  2809     8
    2  3869     6
   73  3464     1
    7  2289     1
   99   174     7
   27   274     7
   55  3816     7
   75   282     2
   96   630     9
   23  3888     5
   79   148    10
   35  3109     4
    5  2486     4
   12   995     9
   62   107     8
    7  3912     8
   46  1324     1
    3  3622     9
   75    63     1
   54  2531     5
   18   732     3
   37  2120    10
   15  2685     1
   93   537     6
   81  3205     1
   76  3155     7
   41  1664     8
   56  2744     8
   82  3570     7
   55  2215     6
   64  2714     8
   84  2046     5
   56  1751     1
   36  1844     9
   91     1     5
   55  1926     8
   62  2119     5
   45  3817     1
   30  2208    10
   58  2750     3
   67  3372     6
    8  2357    10
   93  1525     7
   71  1524     9
   19  3352     9
   54  1633     5
   78  1103     6
   65   342     9
   56   921     3
   53  1167     6
   19  2874     4
   73  1654     6
   89  3287     6
   33  1225     5
   65  2192     2
   69  2159     6
    8    47     1
    6  3857     9
   25   569     4
   90  3617     8
   61  1739     4
   88  3283     2
   73  1330     2
   17  3490     5
   24   794    10
   63  1331     6
   71  1082     2
   85  2914     5
    8   815     7
  100  3291     2
   43  1330     8
   75  4188     2
    8  1315     1
   35  2856     5
   46  1379    10
   27   334     9
   88   155     9
   23  2482     6
   92   676     7
   43  1077     2
   75  3650     1
   10  3551     1
   16  2731     7
   64  2603     7
   43   443     5
   81   589     8
   32   429     3
   51   490     5
   87   112     6
   57   999     6
   40  4108     3
   47  1851    10
   44  4282     8
   13  1104     4
   64  1008     4
   68   743     8
   76  2436     9
   34  2091     6
   52  3657     2
   83  3251     5
   34  1049     7
   94   654    10
   57  3106     7
   42  2364     7
   29  3510     4
    2   151     6
   68  2698     6
   16  3665     2
   25  2634     1
   60  3375     3
   59   409     4
  100  1950     2
   70  2593     3
   74  3140    10
   63   219     8
   12  3036     7
   55  3730     8
   95   649    10
   63  3526     2
   41  3843     4
   51  1648     6
    3  3301     4
   88  1361     3
   95  1597     4
   15    71     8
   51  2369     7
   62  2340     1
   90  2508     6
   84   127     2
   14  1664     3
   73  1426     1
   18  1176     8
    8  2319     2
   30   198     8
   59  3541     5
   36  1495     6
   31   349     3
   27  1905    10
   52   827     8
   56  2983     4
   86   946     2
   10  1236     1
   55   599     6
   56  3539     4
   84    43     1
   18   819     4
   67  2242     1
   38  3773     8
   13  1468     4
   30  1435     3
   78  3283     1
   64  3117     9
   32   402     7
   65   310     3
   59   380     2
   46   474     4
   16  2680     9
   21  2721     3
   36  2982    10
   99  2807     1
   34    51     5
    8    74     1
   17  3984     8
   42  2371     7
   37   272     8
   75  3191     2
   78  3866     3
   68   622     1
    1   763     1
   29   359    10
   23  3605     4
   87  1709     3
   39  1595     1
   78  4205    10
   42   915     6
   22  1638     2
   96   691     3
    9  3158     7
   59  1078     9
    8  2160     6
   38   259     9
   37    27     9
   72   943     5
   70   661     5
    2   338     2
   30  1323     7
   15  1136     8
   17  3018     1
   50  4044     9
   50  4118     8
   16  1492     2
   84  4096     3
   58  4193     8
   32  1143     9
   25  2133    10
   94   132     5
    7     0     1
    3  1666     2
   61   755     5
    8   763     2
   31  2026     2
   84    26     9
   94  2473     4
   70  3621     3
   62  4232     8
   36  3389    10
   91   926     4
   58   589    10
   44  2213     6
   50  2005     2
   66  2749     6
   82  2472     4
   87  2033     1
   37  3693    10
   51  3134     9
   88  2371     3
   66   682     6
   66  4270     7
    4  1056     4
   15   393     4
   16  4055     4
   20  2548     5
   98   156     7
   73  3915     1
   51  3691     4
   23  2290     6
   67  4047     5
   57  3692     4
   25  3956     7
   28   468    10
   64   122     5
   56  1648     9
   12   495     8
   58  2596     9
   25   936     1
   74   394     5
   93  1651     8
   16  1863     4
   31   984     5
   37  3865     3
   66  3868     6
   96  3734     1
   19  2003     7
   52  1567     7
   32  3093    10
   70   804     6
   40  3939     9
   98  3775     6
   35   740     2
   44   661     3
   12  4169     9
   51   462     5
   63  3210     7
   10  4325     6
   24    43     6
   14  2567    10
   33  2281     1
   90  4091    10
   70  1926     3
   57  1904     8
   17   226    10
   34  2049     8
   13  3552     6
   28   722     7
   92   311     6
   37   154     7
    1  1116     2
   85  1963     3
   53  2018     1
   32  2100     7
   22  1494     6
   18  1552     7
   28  1500     7
   40  3497     3
   70  3120     3
   60   259     6
    9  4302     8
    9  2725     2
   57  4035     1
   44   708     9
   52  3387     4
   69  3871    10
   95  1171     4
   14  2263    10
   79  3862     5
   18  1215     9
   27   496    10
   11  1810     6
    7   972     9
   97  2423     3
   68  3714     3
   24  1198     8
   31   138    10
   80  2932     9
   52  1921     4
   22   450     6
   17  3087     6
   53  3037     6
    6  2413     9
   69   771     6
   84   804     2
   27  3907     4
   87  2324     3
   12  2305     8
   67  3071     6
   56  1111     5
   71  2565     4
   76  3039     3
   65  3836     6
   27  2266     5
   20  3748     2
   16  2889     9
   95  1803     5
   14   585     5
   30   818     9
   73  1332     9
   32  1800     3
   57  1315     8
   84  3142     5
   39  2773     1
   54  3739    10
   51  2523     7
   63  3972     8
   84  3877    10
   30  1122     6
   14  1559     2
    6  4328     5
   46  4210     2
   67   263     7
   12  2407     3
   15   647     8
   51  1067     9
   39  1980     7
    2  2972    10
   62  3372     7
    5   717     3
   58  4083     4
   32  1603     1
   81  3756     5
   22  3586    10
   58  3870     5
  100  3171     6
   38  2141     8
   53  1340     9
   14  3756     1
   67  2960     6
   26  2672     8
   46  1223     3
   24  4276     4
    9  1481     2
   84  3996     4
   77  3681     3
   59  4004     9
   46  3634     1
   60  3225     2
