 350
   21  7200     8
   81  4053     3
   95 11862     1
   53  6744     8
   49 14142     4
   81 10614     4
   37 11011    10
   34  6273     6
   15  7369     6
  100 10375    10
   71  9831     6
   96  7286     7
   37  4531     1
    4  8564     8
   74  7855     1
   87 10511     9
   64  6096     2
   62  7383     3
   76  9886     4
   67 13007     5
   95 11235     3
    6 12293    10
   94 10891     6
   10  6591     6
    2  4410     1
   15 14107     2
   89 17409     4
   45 14300     4
   23 18431     5
   94  6502    10
   48  9365     1
   43  6872     2
   74  6804     3
   42 17476     1
   96  9865    10
   23 17195     6
   23  9331     5
   32 17126    10
   57  4709     2
   38 12949    10
   31  8743     9
   27 10789     7
   34 16485     7
   68  9523    10
   31 15603     5
    7  5582     8
   55 16283     8
   94 17948     6
   68  9214    10
   31  7410     1
   61 12196     1
   62 16698     2
   36 15953     1
   54  4329     6
   72  4531     8
   38 16612     1
   69 14686     8
   60 18190     1
   82 12154     5
   92 14358     2
   53  5933     1
   29 17768     5
   35 17479     4
   27  8986     3
   71 16486     6
   30  8586     3
   50  7422     9
   93  7058     1
   62  6953     3
    6  8380     1
   31 16257    10
   93 11946     2
   33 15419     7
   64 13984     7
   60 17718     1
   63 12263     2
   70 15815     4
   14 15242     8
   57 11452     8
   38  6271     3
   44  3894     9
   18  4890     8
   99  4211     5
   80 16096     9
   71  5468     4
   71  4991     2
   17 13950     9
   40 16403     2
   30  4422     3
   98  7345     4
   32 12002     3
   83  6604     3
   27  6355     9
   66 10723     7
    9 11840     6
   97  4082     4
   95 15559    10
   59 15511     5
   90  7390     4
   56  3754     2
   64  5133     5
   20  4889     4
   48 11949     3
   97 16801     2
   83 15122     1
    8 10908     3
   60 10306     4
   53 12179     4
   22  7392     1
   16 18008     1
   90 14700     7
   66  7536     9
   33  4139     9
   89 15160     2
   45  4873     8
    4  5857     3
   60 16401     3
   61 15073     7
   44 18509     4
   90 17072     6
   59 18667    10
   75 11753     7
   72  4918     8
   85  6264     8
   41 18726     3
   81 13007     4
   82  6595     1
   36 15527     2
   39  9760     9
   71 10235     5
   92 15530     3
    3 11143     3
   91 11373     9
   40  8721     5
  100  9185     5
   74  7737     9
   47 15879     8
   59 15741     8
   27 16165     3
   69  4513     8
   74 14990     9
   16 12107     9
   34  8298     7
    7 15379     8
    5  8508    10
   78  9421     4
   11 17485    10
   65  6150     3
   39  5735    10
   54 17236     4
   54  4464     8
   97  5644     9
   29 10231    10
   25  5632     6
   81  8157     6
   70 10198     2
    6 14889    10
   62 11002     7
    5  6967     3
   45  5891     8
   33 17486     2
   96 18747     5
   47 13283     1
   23 10100     1
   35  8709    10
   46 18718     5
   96 14086    10
   82  5830     7
    4 15700     3
   22 11493     2
   50  6592     5
   78 11932     1
   38  4841     1
   83 11139     1
   85  8552     8
   43  9599     1
   61 16809     4
   95  7279     8
    7 11999     3
   99  3785     3
   49  5756     1
   61 12713     1
   95  5678     1
   78 12236    10
   85 14594     7
   76 10085     7
   47 18684     1
   91 10725     6
   37 17336     4
   51  6892     4
   35 12865     4
   69 16063     5
   47  6881     8
   82  7389     4
   92  7405     5
   81 11839     8
   28  7348     8
   88 17740     5
   63 13918     5
   32  4290    10
    9 10475     6
   12 16759     9
    9 12471     1
   47 11565     7
   95  9140     9
   94 17272     9
   90 17413     7
   55  7190     3
   88  5792     6
   97 10654    10
   54  7225     5
   37  7798     7
   57  4608     1
   49  9153     6
   14 16284     6
   42 15452     7
   24 15487     2
   61 16209     7
   32  7419     3
   60 14065     5
   12  4343    10
   67 16533     6
   29 11370    10
   58  7473     8
   48  5164     9
   21 15024     5
   39 15562     6
   75  8762     7
    8 14005     9
    2 10722    10
    6  9301     6
   17  5721     5
   13  8723     8
   15 18021     7
   63 13536     1
    8 14112     7
    8 16534     5
   53 12191     8
   63 17552     9
   96 18576     1
   49  4086     7
   16  6019     4
   33  7615     7
    6  4944     7
   64 11422     9
   47  5140     3
   48 16646     4
   88  8151     1
    7 17599     9
   79  5306     7
   48 18465     6
   19 18192     9
   46 18088     2
   76 11076     5
   77  6907     7
   93  4494     1
   96  7341     9
   15 18719     2
   68  9505     7
    3 17596     8
   16 10682     2
   74 15055     3
   20  4559     2
   29 15655    10
   88 14317     9
   82 14345     2
   36 11009     6
   96 12093     4
   35  7778     9
   98  9803     5
   92 11910     4
   84  8114     6
   14 12071     8
   25 15775    10
   89  9307     3
   78  4734     7
   71 17165     2
   36  7194     7
   65  9134     7
   78 16005     1
   15  8749     3
   12  8841     3
   96 15439     9
   60  8079     4
   87 16167     7
   72 18596     6
   53  8822     5
   83  4750     6
   87 18556     7
   20 14576     1
   86 18596     3
    3 10480     8
   93 10872     4
    5  4396     4
   32  7376     8
   81  6431     2
   87 14991     6
   68 14634     3
   77 14773     5
   22  4010     5
   66  5678     8
   68  7924     9
    5  8373    10
   79 13999     6
   92  4941     8
   94 13930     3
   56 14983     3
   63 18355     9
   29 17373     9
   21  5359    10
   40 15601     9
   44  7364     1
   32 10449     2
   36 12282     8
    4 11692     5
   19  7858     8
    8 12119     3
   56 16764     9
    2  8857     3
   95 11917    10
   75 12582    10
   87  8694     6
   97 18646     8
   68  4695     3
   92  9340    10
   29  7264     5
   48  7375     5
   79  5572     5
   96 18147     8
   24 18398    10
  100  5832     9
   62  5067     6
   92  7563     8
    4 10454     9
   40 15316     1
   84  8753     5
   97  5625     2
   96 11540     4
   47  8349     4
   26  4240    10
   17 13148     3
   86  5192     3
   70  7854     1
   48  4839     4
   22 13724    10
   73 15796     5
   66  8946     1
   29  7084     3
   28 13801     4
   68 14052     4
