 350
   71 17024     4
   88  2191     3
   90 18118     9
   53 15557     3
   93 17245     3
   42  4684     2
   52 13736     4
   46 18475     9
   74 19119     3
   30 19339     6
   62  2604     9
   21  5108     1
   92  7133     9
   77  4169     3
   43  5534     5
    3  8568     7
   61 18430    10
   69  9774     8
   52 13899     1
   19  7468     3
   76  9166    10
   56  9525     9
   68  9799     6
   70 18012    10
   94 15721     7
   90  2486    10
   50  8805     2
   77 14526     5
   69  7728     3
   68 15419     8
   56 18347    10
   39  4976     6
   55 15814     1
   45 16689     8
   92 18737     8
   47 13284     3
   86 19577    10
   43 12697     1
   93 11984     1
   60 18920     3
   73 12261     7
   55 12791     9
   81  4252     3
   64 17597     5
   31 15164     2
   23  7990     7
   67  6390     2
   92 13818     1
   92 15967     5
   18 18492     3
   10 19490     4
   68  5358     4
   74  8242     1
   77  9513    10
   37  3595     3
   67  4188     7
   66 10203    10
   86 10603     5
   44 16917     1
   35 16134     2
   53  6247     2
   99 15489     1
   74 19314     7
    8  2286     2
   44 12403     8
   65 18275     5
   54 13774     5
   30 12204     7
    8 11197     6
   47  5982     6
   89 11349     9
   80  3682     2
    1 16977     5
   69 13805     2
   44 19483     7
   32 12365     7
   92  2019     8
   10  6097     9
   23  6408     7
   83 16190     3
   28  4814     1
   32  6122     1
   50 19752     6
    1 11260     1
    9 13839    10
   87  3572     9
   68 13652     8
   74  4267     9
   73 12378     3
   11 10794     9
    9 18605     1
   25 16829     5
   10  6507     9
   82 18143     7
   33 17319     6
   53 17114     6
   47 16642     2
   86 11317     1
   82  9543     3
   54  8064     7
   32 15502     7
   71 19095     2
   34  9950     8
   32 12703     1
   39 13124     3
   78  9658     5
   64  5293     7
   31 13347     1
   88 13959     3
   86  9904     4
   14  9762     3
   15 16976     3
   18 14229     5
   64  9738     9
   16  8461     4
   26  8293     4
   50 11513     7
   83  2337     1
   99 10763     3
   22  4116    10
   94 11335    10
    7  9592     4
   47 19149     4
    3 16045     8
   89  7959     1
   79 16692    10
   55 13384     3
   35  4826     2
   65  8233     1
   37  3151     6
   89 11094     8
   97  3960     7
    7  2470     7
   23 19247     6
   29 14867     8
   46 13798    10
  100  9129    10
   92 18363     5
   77  7369    10
   88  3312     2
   77  8492     9
   90 15335     3
    2 18492     5
   94  2946     3
   54  5297     1
   17  7178     8
   19  9442     7
    3 15014     8
  100  7718     9
   18 18408    10
   25 17334     8
   93 17257     8
   25  8225     3
   72 16707     2
   96 13526     6
   14 14387     3
   51 13624     2
   51  7135     8
   48 17417     5
   15  2081     2
   87  8489     4
   37  8735     2
   12  4245     9
   94  9162     1
   59  8207     8
   40 17316     7
   40  3184    10
   59 15539     7
   31 15904     1
   16  8757    10
   46 17055     9
    8  4620    10
    6  4316     2
   48 15772     3
    2  5769     2
   59  7817     3
   65  3174     1
   21 13414     9
   62  3056     1
   64  9095    10
   38 12047     8
   87 18593     8
   57  6576     8
   63 18475     1
   58 15524     9
   53 18306     3
   76 13087     3
    9  9372    10
    3  5665     1
   24 10729     8
   24  9657     2
   90 12358     4
   60 17667     9
   35 12106    10
   83 19723     5
   19  6099     6
   74  9646     6
   23  3132     5
   78  1862     3
    5  5774     7
   38 10093     4
   23 17121     1
   12  8597     6
   44 12613     6
   71 13117     4
   14 12570     8
    3 18633     9
   35 14494     5
   34  6209     6
   65  1913     9
   99  3814     4
   72 16460     4
   51 18710     6
   56  8594     2
   34 15159     4
    9 14458     5
    8  7125     4
   10  8471     7
   17  4055     4
   10 10994     5
   34 17403     4
   40 11916     6
   99  3576     9
   93 15295     3
   74  4246     5
   82  3524     3
   12 19597     9
   48 12096     1
    4  4860     7
   89 19663     2
   52 16073     8
   42 13156     1
   12 17008     3
   64  4895     4
   86  5993     6
   82 10350     6
   77 15669     2
   88  4851     4
   17  5068    10
   11  2102     8
   52  4968     3
   16  7085     4
   82 16765     1
    3  3902     8
   71 13883     5
   16 12149     5
   11 16564     3
   79 19211     9
   26 18824     2
   28 18823     6
   89 10429     3
   59 16451     6
   68 10963     2
   88 12209     2
   52 11971     9
   42 13413     7
   69 13936     4
   63 11793     7
   89  5734     7
   73 16999     1
   51 11680     8
   41  2032     5
   15 10380     1
   62  8913     1
    5  5130     9
  100 14577     7
   44 17466     6
   82 19003    10
   87 17631     1
   60  2759     6
   93 19308     7
   39  2824     3
   75  8048    10
   74 16298     8
   41  4930     1
   46  2155     5
   90  8672     3
   52 19698     3
   25 19569     3
   15  7720     4
   80 18746     9
   13 10223     6
   73  4396    10
   48  9934    10
    1  2656     8
   24 14570     8
   89  3571     6
   70 14796     1
   86  6587     4
   78  7508     3
   42 12019     2
   37 16471     2
   19  7744     8
   56  2623     3
   99  5608     2
   24 11077     6
   56 15403     9
   42  3299     8
    5 10305     5
   42 13259    10
    1  4261     4
   97  9837     2
   81 14287     2
   76 10512     3
   71  6360    10
   22 17421     2
   22 10871     7
   60 13235     2
   74 17343     4
   47 10664    10
   74 19158     6
   53 16313     3
   59 19091     6
   47  3778     5
  100  6471     2
   59  1971     3
   70 16552     2
   89  8246     7
   28 14971     4
   56  3364     6
   66 13958    10
   70  7214     5
   92 18038     8
   84  1926     7
   26  8041     7
   90  3871    10
    7 11207     2
   81  3669     6
   32  5374     7
   12 19715     7
   23 15131     5
   33  7839    10
    9  9777     8
    3  9643     6
    8 16554     3
   80 14340     8
   24  7288     8
   30  7650     9
   40  7800     9
   97  4856     2
   76 16517     8
   13  7183     4
   50 19372     4
   35 15833     4
   60  9165     8
   49  6068     6
   94 16008     6
   30  5941    10
   37 12518     2
   22 11203     9
