 350
   49 18011     5
   68 11951     6
   42 10490     4
   75 12854     1
   24 10718     3
   76 13443     6
   80 15549    10
   16 14006     6
   11 14298     2
   85 15566     1
   55 14075     7
   99 19421     7
   30 10027     2
   91 10343    10
   36 15564    10
   33 15728     1
   71 11711     7
   73 11208     1
   68 10912     3
   66 14956     4
   51 17092     6
   33 18343    10
   23 11750     8
   31 17082     6
    4 13239     3
   17 16244     9
   22 14248     2
   84 13738     4
   34 14495     4
   76 16523     5
   77 18199    10
   82 12496     8
   43 19379    10
   18 19594     3
   56 16255     8
   67 10086     3
   94 13027     9
   36 11793     8
   83 14998     9
    5 18230     1
   21 18264     8
   37 19979     6
    3 17640     8
   50 19197     9
   28 10311     6
   38 13194     7
   83 14914    10
   98 12928     2
   11 15308     8
   50 16732     2
   64 18789     6
   61 12389     3
   82 15064     2
   86 10529     3
   92  9461     8
   86 19209     4
    2 17678     1
   13 14615     9
   70 12936     7
   36 12162     4
   89 11127     4
   46 11124     7
   18 15564     2
   32 10496     4
   64 10708    10
   74 11808    10
   98 11488     6
   57 14640     8
    9 14507     7
   80 17391     5
   61 12860     9
   29 12761     5
   17 17359    10
   64 10490     6
   79 11947     4
   44 18576     5
    1 14590     3
   61 17767     3
   41 11494     6
   11  9888    10
   10 14488     5
    5 10272     2
   72 13182     3
   92  9542     6
   90 11706     4
   64 13549     1
   77 19656     9
   92  9374     4
   76 19069    10
   47 12581     6
   27 12442     8
   64 10186     3
   92 14611     2
   44 18911    10
   95 11588     6
   56 16224     1
   17 10709     9
   93 13981     2
   13 10854     9
   26 16122     6
   72 11361     6
   74 14620     7
   54 19788    10
   88 19625     5
   37 16015     3
   32 11725     4
   32 18191    10
   37 10595     5
   93  9482     6
   72  9674     6
   48 11388     5
    2 14875     1
   77 10852     7
   20 15476     7
   94 15323     6
   66 13464    10
   83 19930     7
   71 14968     5
   58 13743     4
   59 18989     7
   17 18455    10
   84 17090     2
   22  9165     9
    9 13055     2
   28 15991     1
   17 11658     5
   64  9268     3
   45 17605     9
    9 16544     6
   76 11028     1
   70 13716     5
   81 18811     1
   49 16553     8
   24 13494     5
   69 18426     6
   85 12558    10
   56 16125     8
  100 16606     6
   22 14059     5
   48 16512     4
   72 17186     1
   70 16352     9
   50 11377     4
   48 18943     7
   90 11817     6
   43 17605     9
   13 12396     7
   72 11737     3
   14 12562     4
   71 17044     1
   30 10716     9
   30 11006     4
   54 14124     2
   52 10786     8
   38 14967     5
   82 10104     2
   69 13350     2
    2 15141     7
   27 18615     1
   78  9884     7
   77 17074     8
   96 12321     6
   58 19600     8
   25 13617     6
   20 16720    10
   26 18015     3
   10 17081     6
   75 12835     7
   26 14611     8
   31 11129    10
   22  9336    10
   97 11786     9
    1 18386     8
   71 11619     3
   44 10719     6
   90 10193     3
   14  9213     2
   57 14020     2
   62 12835     5
   27 12681     5
   27 11054     3
   92 14457     4
   57 14593     8
   81 16084     4
   43 16149     1
   95  9549     2
   63 17094     6
   12  9488     2
   96 15595     9
   89 15698     7
   89 10277     9
   73 12659     7
   85 18924     2
   47  9867     6
   97 17181     2
    4 15634     1
   73 18788     9
    7 14251     7
   78 19375     8
   98 13389     7
   38 16286     6
  100 19617     7
   95 16080     5
   38 14661     4
   70 11225    10
   38 17704    10
   27 15759     7
   84 11343     1
   95 11714     2
   88 19500     2
   11 14930     5
   22 13673     4
   79 13946     5
   67  9512     2
    3  9746     8
   22 10084     5
   62  9967     4
   65 17746     4
   34 10478     7
   57 16467     2
   53 13433     1
   23 11661     5
   29  9116     8
   37 12347     3
   69 12434    10
   26 17202    10
   40 18887     4
   42 11211     8
   32 11443     6
   18 18251     1
   40 15505     4
   69 18634     2
   17 17857     8
   34 11575     9
    7 13285     5
   87 19987     7
   72  9269     8
   33 19950     2
   71 11320     7
   66 11888    10
   21 19439     3
   81 17155     2
   87 16467     4
  100 13375     7
   47 17573     3
   89 17119     2
   21 14365     2
    8 18445     7
   54 14854     6
   54 15749     8
   65 14902     8
    6 19192     6
   76 18315     2
   94 14923     6
   43 11529     9
   45 10738     2
   19 12115     6
   83 10405     3
   86 12855    10
   51 14464     1
    1 19562     3
   25 19265     4
   20 13087     3
   17 17409     1
   59 10830     2
   26 17278     7
    4 17385     7
   30 11004    10
   59 17217     9
   74 19611     4
   95 13798     9
   79 16646     1
   54 16756     5
   82 10254     3
   78 10010     8
    1 14318     8
   71 18278     4
   99 15281     9
    9 12753     4
   24 13122     9
   53 11019     7
   73 18560     2
   30 12304     5
   29  9323     9
   67 13473     8
   73 14738     4
   73 10967    10
   85 16494     3
   55 16049     6
   59 14727     9
   36 10947     4
   56 15601     8
   84 13982     3
   56 14940     6
   72 12999     9
   42 15717     4
   81 12207     3
   76 10374     6
   71 17627     4
   40  9413     1
   50  9974     9
   66 11414     2
   18 16964     1
    3 17635     4
   47 12574     4
   96 17880     9
    4 11943     2
   18 10842     8
   94 13150     7
   13 15601     6
   41 14869     6
   47 15074     3
   86 14151     8
   71 18078     1
   75 15303     1
   52 18530     5
   43 12806     4
   47 17176     1
   37 15013     8
   98 19760     9
    6 11893    10
   72 16865     1
   53 15351     7
   89 16780     2
   28 11794     6
   25 19255     5
   31 12487     6
    8 14906     8
    1  9618    10
    1 10104     9
   47 15225     9
   50 10497     9
   66 12423    10
   65 12178    10
   53 19038     3
   13 15903     4
   61 10047     8
   56 10970     4
   30 17650     2
   54 14103     4
   69 17477    10
   71 12508     8
  100  9167     7
   54 11618     7
   42 10576     8
   75 15375     8
    5 10137     1
   84 14287     2
   21 12541     9
   41 16056     8
