 350
   44  4484     9
    7  4847     6
   34  4301     1
   82  5718     4
   47  6160     9
   45  3485     7
   40  9350     8
   10  8968     9
   98  8882    10
   78  8675     1
    7  3953     1
    6  7868     2
   11  6225     7
   54  6063     6
    9  6921     2
    7  5722     4
   14  8349     8
   25  8378     6
   84  6135     6
   81  9627     9
    4  8416     5
   40  5757    10
   88  6299     4
   85  6762     2
   35  6474     6
   38  3460     5
   90  4995     1
   39  6032     1
   48  4478     5
   62  7868     4
   29  6450     1
   92  5550     4
   68  9303    10
   62  7338     1
   73  7855     7
   14  5223     8
    7  7411     8
   12  6966     4
   24  3952     6
    5  6054     8
   89  5401     4
   31  4492     7
   10  3682    10
  100  8213     1
   84  7143     2
   18  7191     1
    6  3696     4
   98  5252    10
   43  5330     7
   90  6418    10
   79  4640     8
   47  3506     2
   29  8763     9
   66  7527     2
   32  6856     3
   64  4997     4
    4  7574     6
   21  8438     4
    2  7617     5
   51  8640     1
   82  6067     7
   31  3828     5
   43  3950     4
   50  5130     6
   92  7754     5
   15  8392    10
   64  6941     4
   99  4925     3
   27  5118     4
   87  7480     9
    3  7566    10
   16  7107     8
   17  8560     6
   13  7836     9
   15  5080     8
    1  5464     8
   30  4788    10
   21  5364     2
   98  7303     7
   73  6705     7
   10  8369     2
   76  8531     5
   20  6798     8
   39  6892    10
   42  5818     6
   51  3414     1
    2  8477     4
   46  9980     2
   71  8440     4
    4  5855     8
   96  8380     3
   53  4268    10
   34  6270     2
   38  8918     6
    2  5985     6
   26  3784     7
   53  7070     6
   65  9513     9
   24  5297    10
   79  8776    10
   52  6754     8
   27  9450     9
   94  5643     7
   68  5074     4
   39  7047     8
    9  7311     5
   69  7125     1
   69  8422     8
   29  9262     7
   66  4189     7
   42  4887     4
   39  7392     8
   42  9308     2
   61  8273     1
   77  4045     8
   84  4887     7
   11  8275     1
   79  9109     1
   29  4628     9
   82  6475     5
   82  4725     9
   25  9596     1
   34  7330     4
   16  7582     1
   63  8274     7
   36  9903    10
   41  7954     7
   15  5104     3
  100  9177     8
   65  9838     6
   94  3641     2
   52  5691     6
   92  9049     5
   88  5872     8
   19  7353     9
   30  5857     2
   96  9771     3
   88  4239     9
   99  4039    10
   25  8794     9
   53  5016     6
   40  5514     3
   64  5946     7
   95  4085     7
    1  3547     4
   40  6579     4
   79  5560     4
   12  8409     5
   19  5449     5
    7  6775     2
   93  4645     9
    1  6761     3
   32  6131     3
   27  8563     2
   16  4103     3
   94  4165    10
   62  8226     2
   57  8645    10
    9  5857     2
   61  7164     9
   22  8244     6
    2  6086     3
   12  9443     5
   13  7053     1
   89  8545     1
   31  6556     3
   43  9497     2
   85  8077     3
   18  7383     2
   42 10124     2
   10  6631     2
   71  8987     8
   81  5398     4
   73  9165     9
   66  9659     4
   82  5532     7
   13  5504     2
   44  4979     8
   93  3702     2
   31  7541     7
   51  8342    10
   85  4934    10
   31  4062     9
   82  4233     2
   11 10084     2
   47  4752     2
   75  4986     1
   72  8071     3
    3  9985     2
   83  7430     3
   33  4995     2
   25  7989     8
   85 10104     5
   45  4198     6
   37  4802     8
   74  8410     5
   76  7342     9
   79  4060     9
   58  6247     8
   94  4486     1
   20  3944     1
   67  9466    10
   65 10060     8
    1  5929     4
   40  8391     8
   30  9479     1
   83  8049     1
   52  3656     9
   74  4219     9
   75  8338     2
   83  7784     6
   24  9148     8
   60  9860     2
   14  8434     4
    6  9969    10
   71  9705     3
   60  9773     6
   81  4716     1
   43  7536     5
   63  9519     8
   63  8734     3
   75  9119     6
   87  7268     5
   48  8598     7
   20  9905     1
   24  8658     2
   21  6768     2
   95  7008    10
    3  9305     1
   79  9602     9
   89  8081    10
   23  9837     1
   45  8828     9
   53  7902     7
   24  5527     5
   84  6980     6
   82  7142     8
    6 10163     5
   36  7224     5
   56  7948     6
   80  8261     7
   18  4769    10
   80  6857     3
   40  7882     8
   31  9790     4
   85  6587     2
   10  7347    10
   91  9324    10
   65  7890     2
   53  4644     5
   53  8603     7
   28  6384     4
   28  3524    10
   40  5631     1
   75  4743     1
   47 10017     1
   63  4050     2
   95  8098     2
   42  6785    10
   65  9942     3
   73  7461     1
   30  4627    10
   87  9540     3
   18  6050     9
   82  9116     6
   10  4827     7
    2  9617     5
   64  6018     4
   16  4751     2
   38  6602     9
   19  3727     9
   95  9600     8
   55  7958     9
   99  7172     2
   35  7242     6
   85  7508     2
   83  3520     3
   44  4349     6
   75  6592     1
   48  7998     5
   97  5581    10
   28  4956     7
   75  4143     9
   24  5692     9
   67  7175     8
   50  5473     9
   70  5469    10
   30  7812    10
   45 10158     1
   11  8841    10
   95  7515     2
   18  7379     2
   41 10056     9
   82  6815     4
   36 10016    10
   22  8932     5
   92  8230     1
   37  9394     5
   86  4711     8
    7  9568     2
   75  5756     3
    5  5026     7
    1  8928    10
   29  3474     1
    3  8786     8
   36  5930     5
   14  7570     3
   86  8893    10
   80  6867    10
   89  3923     3
   33  6651     5
   76  9035     9
   17  5466    10
    8  7381     3
   99  4487     8
   84  9228     8
   57  9441     2
   68  6543     8
   13  6801     7
    1  9360     3
   79  5145     7
    7  4076     8
   19  6499     4
   20  4961     6
   89  7478     2
   54  6276     4
   42  3654     1
   80  5468     3
   91  5430     8
   27  4953     8
   86  4797     4
   65  7774     1
   31  6566     4
   87  3485     4
   93  7836     1
   34  5112     1
   22  6002     8
    7  5166     4
   19  3765     1
    1  9456     8
   95  5677     6
   52  7004     6
   76  8252     6
   11  7731     6
   59  4146     9
   75  9326     4
   94  6720     3
   15 10174     1
   43  5630     1
    7 10108    10
