 350
   21  1800     4
   14  4636     5
   57  3216     2
   14  3577    10
   71  2762     8
   92 11109     2
   35  2619     4
   67  5432     7
   75  2032    10
   74  8466     2
   23  4220     4
    5  5872     3
   48  9780     1
   10  8288     8
   42 11492     8
   21  9070     2
    2  9687     4
   56  3951     8
   48  3605     2
   13 11417     5
   51  2850     3
   95  2059     8
   66 10143     1
   46  6593     5
   28  3684     8
    9  8649    10
    7  8373     1
   79  6051    10
   86  8151     9
   55  2263     9
   91 11921     2
    7  8222     2
   69  5169     3
   48  3021     4
   20 10069     2
   39  6202     1
   40  2015     5
   55 10958     6
    6  9904     7
   14  2317     5
   28  7308     7
   28  2009    10
   19  6460     8
   75  4973     7
   37  8567     7
   61  5837     5
   96  1928     9
   39  6138     1
   16  8059     3
   43  3804    10
   51  5440     5
   67  9179     5
   38  4133     8
   16  3468     5
   12  3657    10
   65  6087     5
   25 10388     4
   18 10301     1
   43 10409     4
   11  6424     3
   73 10834     9
   34 10215     6
   17  2530     5
   42  3888     1
   81 11506     9
   37 10869     7
   80  8361     1
   20 11791     4
   91  9712     2
   86  6149     8
   34  1993     9
   19  4905     8
   13  6429     8
   52  6723     6
   93  8149     5
   50  2880     5
   13 10831    10
   89  8347     3
   89  7289     5
   29  6774     3
   31 10422     3
   39 11000    10
   95  3838     7
   68  2439    10
   55  2353     4
    7  5765     7
   33  6797     4
   80 11011     8
   25  3951     7
   75  5091     8
   90  5319     1
   98  2670     6
    8  3190     3
    6  6120     5
   39  4828     6
   89  2580     2
   43  4873     1
   19 11459     7
    8  2256     6
   33  2470     2
    4  5493     5
   41  2520     4
   51  5645    10
   17 10193     2
   93  7514    10
   44 12064     4
   67 11343     7
    5  6229    10
   33  8296     6
   55  6517     1
   34 11273     2
   63  6602     8
   93  5401     1
   28  2995     9
   31  7312     7
   48  6024     4
   35  7031     5
   63  1994     1
   27  4920     2
   59  9252     2
   38  5355     8
   16  8510     2
   57 10192     7
   46  6815     1
   22  2514     7
   95  2905     3
   34  7666     2
   64  5658     7
   14  2249    10
   41  8193     8
   97  6398     9
   18  6013     4
   81  8983     1
   48 10313     8
   35  4090     6
   74  4381     1
   92 10262     1
    1  3317     2
   78  8880    10
   24  6442     7
   55  8105     3
   11  8038     1
   87 11315     4
   48 11777     3
   39  9303    10
   17  6512     1
   96  5685     7
   74  4218     4
   80  6776     2
   22  8876     9
   33 11741     5
   17 10401     9
   38  5270    10
   89  9818     2
   63  5100    10
   60  6054     6
   84 10993     4
   96 11036     1
   23  9983     3
   97 11513     3
   36  7113     8
   20  4265     1
   15  5410     7
   17  3981     9
   68  2463     8
   49  7770     2
   90  6632    10
   59 10995     9
   49  9358     4
   68  3397     9
   83  5322     5
    3  5347     7
   79  9705    10
   69  4522     9
   51  5008    10
   18  6893     9
   86  9304    10
   46  8964     6
   91  9382     3
   66  3964     1
   67  5725     5
   23  9008     7
   82  2249    10
    5  9265     4
   11  6710     9
   44  5620     9
   64  3204    10
   95  5588     2
   40  4541    10
   87 11457     3
   91  4985     5
   76  9925     8
    7  3607     3
    5  8666     1
   92  1790     6
   74  4340     1
   53  4320     2
   82  6693     5
   33  3220    10
    2 11949     6
   50  8360     4
   15  6813     5
    4  5181     2
   28  5950     3
   84  9605     3
   54  8460     1
   46 11114     2
   70  6793     3
  100  5309     7
   36  8380     4
   35  9027     3
   66  9304     1
   59  5272     1
   17  9547     3
   71  6454     5
   70 10253     9
   61  3051     1
   34  7929     5
   64  3725     1
  100  5862     1
   20  7271     7
   54  6981     5
   75  3671     8
   26  9148    10
   59  3531     5
   67  3732     4
  100 11758     1
   12  6122     7
   48  8695     9
   32  2863    10
   13  5956     2
   97  4940     2
   47  7946     5
   17  9407     3
   25  9160     5
   30  5435     7
   71  5751     4
   70  8159     6
   99 10499     9
   70  9330     1
    6  4423    10
   34  7411     2
   36  6519     1
   64  7966     1
   50  4842     5
    6 11243     6
   33  6103     9
   10  6164     6
   39  7056     1
   96  8098     9
   10 10297     6
   59  2211     7
   50  2964     4
   84  1853     3
   85  9629     7
    9  4765     8
   50  3855     6
   85  9272     8
   20  9158     5
   98 10820     5
   16 10406     8
   33  2998     6
   95  3645     6
   63  6236     2
   49 10676     9
   19 11075     1
   92  9942     8
   19  4311     3
   88  7119     6
   91  8325     7
   89 11912     3
   93  9812     6
   25  3621     9
   24  6315     4
   57  5662     6
   74  6733     3
   29  5443    10
   89 10036     5
   84 11168     8
   68 10769    10
   85  6019     4
   93  9349     4
   27 11251     7
   35  7253     7
   77  9472     6
   12  8764     3
   43 10289     5
   27 11598     2
   96  5921    10
   63  7331     9
   25 10302     6
   12  4212     7
   96  8600     5
   19  1831     2
   74  8718     8
   44  7160     3
   37 11177     2
   66  6544     6
   63  9742     6
   25  6180     8
   57  2754     3
   51  9539     8
   18  3877     4
   81  4645     2
   75  3739     1
   74  7810     9
   55  9649     4
    4  7452    10
   63  5730     3
   38  8702     2
   72  6106    10
   47 10019     6
   31  5935     5
   98  5241     6
   82  5157     3
    8  3292     1
   10  1890     8
   25  3330     7
   34  2774     3
    6  6082     8
   87  8932     6
   58 11347     9
   18  8564     5
   82  5417    10
   76 11449     1
   91  5166     3
   26 10848     3
   13 10511     2
   57  9981     9
   89  8474     8
   37  4576    10
   13 11006     2
   40  5898     6
   55  6723     3
   94  3536     3
   14  7907     7
   28  2418     2
   48 11456     7
   17  3244     7
   90  6418     5
   86  8042     8
   88  7620     6
   37  4322     1
   16  1862     3
   86 11131     1
   18  7749     3
   23  3425     4
   96 11292     9
   42  9350    10
   57  4469     7
