 350
   26  6336     4
   83  4406     9
   24  6871     5
   71  7884     2
   75  7384     5
   97  6539     5
   24  9220     9
   21  9287     3
   23  8632     4
   59  3814     7
   37  4300     8
   20  6047     9
   52  6314     3
   66  4206     8
   88  8444     1
   64  9605     3
   28  6032     5
   46  6151     2
   28  5365     3
   68  4840     1
   97  7911     1
   93  4024     8
  100  7087     4
   94  9610     7
   15  4127     9
   86  9955     1
   50  5536     9
   54  6724     5
   21  4524     2
   86  9587     1
   72  7807     7
   47  7330     6
   69 10462     9
   96  4083     2
   18  4620     7
   43  7252     4
   93  7092     7
   41 10310     6
   64  5944     7
   15  5130    10
   99 10593     2
    1  6714     4
   35  7646     9
   51  6312     5
   66  7389     1
   23  5496     9
   14  5322     7
   93  9891     5
   68  8116    10
   42  7157    10
   61  4136     6
   65  5433     1
   34  7650     8
   60  7693     9
   58  4448     8
   48  8247     6
   45  7054     9
    8  6454     7
    2  4377     1
   66  8048     1
   94  5446     7
   74  8653     8
   13  4784     7
   62  5313     5
   70  9206     9
   30  5873     3
    5  9035     8
   62  5703     6
   70  5588     9
   69  4384     5
   77  7302     5
   68  5586     1
   69  7567     8
   12  4354     3
   18  8368     5
   35  4362     9
   34  6319     2
   32 10160     1
   28  3658     3
    2  3841     2
   73  6722     1
   88  4264     9
   66  5743     2
    6  3778     8
   48  8426     7
   24  6660    10
   54  8495     4
   92  4886     6
   31  9583     6
   56  9342     4
   58  9403     7
   24  4434     2
   30  7400     1
   70  3592     3
   86  6217     7
   99  6011    10
   99  5935     6
   90  4657     5
   61  8184     5
   68  7992     4
   58  5511     9
   38  4892    10
   36 10048     4
   27  9548     6
   49  5716     3
   54  7822     9
   62 10379     4
   83  8504     4
   85  7388    10
   90 10507     7
   84  8815     5
   58 10579    10
   77  4176     6
   50  3963     7
   63  3763     7
   24  9072     2
   73  7093     7
   17  8728     1
   16 10427     8
    4  6081     2
   72  7475     5
   74  9235     4
   27  6985     4
    2  4281     5
   43  9297     6
   13  9672    10
    1  6762     5
   42  4637     1
    2  3734     4
   62  4351    10
   10  9099     5
   60  5715     3
   99  5713    10
   45  8553     9
   87  4668     8
   48  7898     2
   99  5780     7
   48  4453     2
   30  5807     5
   84  9637     6
   37  4365     9
   14  4028    10
   41  9622     5
   14  5011     4
   63  4460     6
    3  9855     2
   38 10552     6
   36  8022     2
   20  7989     3
   54 10384     3
   39 10573     4
   92  4870     7
   27  9025     7
   66  6963     7
   93  5620     2
   69  7727     3
   78  6040     7
   93  8851     6
   11  8834     4
   80  6244     1
   54  9672     6
   20  7339     8
   39  8429     3
   52  4790     5
   65  5297     6
   25  9566     1
  100  9157     7
   63  7547     3
   73 10489     2
   30  4370     2
   46  6590     8
    9  4259     1
   44  4867     1
   86  5618     3
   23  5740     4
    7  5797     7
   89  4879     5
   60  5697    10
   42 10288     8
    8  9337     7
   13  5487     3
   81 10266     2
  100  3612     3
   40  3917     9
   46  6635     9
   92  5701     4
    9  8114     2
   23  9145     5
   84  3958    10
   19  6353     5
    3  4795     6
   38 10099     6
   38 10161     3
   41  9693     8
   90  4295     1
    2  4864     9
   66  8664     8
   89  9922     7
   65  8880     1
   38  8558    10
   19  3697     8
   10  4876     9
   47  9287     1
   62  5034     8
   96  6963     1
   70  4432     5
   68  7300     4
   85  8311     5
   30  6599     4
    9  6993     2
   93  7054     1
   42  8555     7
   89  6665     4
   92  7135     4
   82  8941     5
   35  9770     2
   83  9306     8
   90  6460     7
   58  8320     6
   67  9733     8
    8  9283     1
   60  9584     2
    4  9238     3
   45  8850     3
    1  8682     9
   93 10003     3
   47 10183     2
   66  6752     7
   82  9330     9
   11  8469     2
    4  4716     7
  100  9496     7
   21  9815     1
   51 10473     7
   62  3936     5
   16  6183     1
   21  4311     2
   29  7705     9
  100  3900     6
   50  7379     6
   38  4104     1
   92  7423     7
   92  5339     2
   27  7239     4
   83  3964    10
   73  3686     6
   61  6414     5
   66  9739     8
   62  6616     3
   18  4140     1
   32  8878     5
   69  5304     3
   78 10193     2
   36  7522     7
   14  3560     6
   78  8281     1
   29  6930    10
   61 10213     8
   44  4439     7
   11  5665     9
   72  8088     9
   48  5625     4
   10  4567     5
   92  7308    10
   98  5503     1
   71  4972     9
    8  9960    10
   18  6284     2
  100  9147     7
    8 10330     6
   67 10132     7
   37  9720     7
  100  7158     2
   58  4876     8
   64  6365    10
   83  7591     2
   31  5031     4
   24  9248     5
   48  6736     9
   92  8117     6
   42  9857     5
   80  5019     3
   61  9890     9
   20  9456     6
   15  9010    10
   74  9920     5
   97  7143     7
   44  5345     9
   35  9538     2
   41  8052     3
   54  7480     7
    6  7032     1
   88 10146     7
   64  8516     2
   98  3745    10
   85  5055     7
   35  9957    10
    5 10175    10
    3  7808     9
   34  8509     7
   12  9910     5
   70  7346     5
   71  7635     4
   12  6473     6
   28  8691     3
   34 10470     4
   94 10534     8
   58 10192     7
   58  9124     8
   42  6675     6
   49  7714     2
  100  8387     3
   21  8163     9
    9  7010     1
   19  7248     9
   36  6579     9
   83  6336     5
   16  3797     5
   79  8394     8
   17  5279     7
   56  8318     8
   32  5279     5
   22  8780     7
   43  7870     4
   96 10264     6
   19  8995     6
   27  9395    10
   30  9627     6
   24  8575     5
   30  6608     9
   64  7542     2
   36  7890    10
   99 10423     3
   34  4583     6
   47  3769     5
   26  8520     6
   68  4458     9
   40  3708     3
   84  8118     2
   25 10052     7
   82  6852     8
   32  5238     4
   25  7844     9
    2  4421     7
   41  8717     5
   43  4498     8
   37  7470     5
   24  4458     9
   58  4764     2
   16  5269     2
