 350
   80  7666     8
   33  8478     1
   83  6462     2
   75 12214     1
   53  6026     8
   54  4508    10
   42  5181     2
   81  5791     9
   78  3507     8
   15 12880     9
   23  4373    10
   21  2607     1
   45 11006     6
   77  6974     6
    5  7474     2
   31  7725     1
   26  6380     9
   14  7005     7
    1  3379     9
  100 13275     4
   10 13153     4
   14  4884     4
   14  6820     1
   56  2976     2
   54  5982     7
   32 12583    10
   16  9350     7
   92 12909     3
   13  6356    10
   58  6460     4
   64  6671     9
   93 12126     7
   91 13042     5
   46 11237     1
   67 11064     7
   43  5792     3
   99  2468     1
    8  2969     9
   23  9688     1
   77  4079     8
   23  2572     7
   46 12165    10
   98  4791     9
   67 11682     2
   23  5863     6
    3 10369    10
   97  6131     3
   48 10347     4
   16  4097     7
   97  7614     1
   48 10346     8
   26  3973    10
   11 10602     5
   61  3890     8
   81  5054     2
   64  3308     1
   93  3197     8
   96 12508     8
   56  2940     4
    5  7657     7
   54  5691     2
   19  7715     3
   97  6507     4
   44  5457     7
   64  5676     4
   64  4294     1
   87  9353     9
   63  6249     4
   72  5367     9
    9  5765     9
   39  8433     2
   94  6043     6
   55  4654     9
   36 11328    10
   60  4449     7
   77  8621     4
   38  8420    10
   56  8684     9
   24  5692     8
   54 10621     6
   53  3021    10
   72  2762     5
   79 12699     6
   63 11728     5
   33  4757     3
   59  4476     7
   27 13140     6
   25  6058    10
   55  3707     5
   82  2804     9
   29 11820     7
    8  7503     7
  100  8624     1
   26  5050     1
   52 11065     3
   64 12404     4
   89  7448     1
   38  7141     1
   26  5376     8
   60 10919    10
   47 11011    10
   65 11913    10
   54  3686     5
    1  2388     9
  100  9964     9
   13  6239     2
   77  9113     2
   38  5108     9
   69 13028     1
    1 12910    10
   92  2453     4
   22  2773    10
   73  2395     5
   70 13256    10
   85 12605     5
    5  5256     7
   29  4455     6
   11 12469    10
   29  9419     7
   83  6267     1
   92  1996     8
   58  7962     4
   91 11875     7
   92  8724     9
   83 11116     4
   42  9663     9
   55  7851     3
   72  5287     5
   80  3528    10
   81 11332     1
   32  2930     4
   26 12643     9
   45  9969    10
   85  4721     8
   26 13135     7
   45  6657     9
   98  9065     9
    3  8972     9
   82  9869     7
   67  8816     9
    4  8606     8
   74 10426     1
   88  9693     9
   76  9105     2
   43 10405    10
   73  9022     3
   80 12466     9
   71 12965     6
   83  8214     2
    9  8608     6
   54  5956     6
   74  8314    10
   66  3294     9
   45  4554     3
   65  3761     9
   49 12514     3
   87 12321     1
   20  9717     1
   20  4525     7
   66  2572    10
  100  7772     2
   52  5559    10
   91  1939     9
   44  4465     1
   36  8385     7
   17 13178     5
   88  9226     9
   34  4173     6
   19  8874     3
   70  5818     6
    1 11094     4
   23  4203     1
   43  2967     7
   89  7510     3
   98 11413     3
   86 11477     6
   61  3256     5
   78 10603     1
   57 11166     2
   43  9574     7
   86  5935     6
   11  3846     8
   16  4611     6
   52  7333     5
   55  6504    10
   81  6477     4
  100  6570     7
   41  5549     1
  100  2918     5
   20  9199     3
    7  6226    10
  100  8795     6
   71 12863     3
   97  6269     8
   43 11364     7
    6  7971    10
   14  6171     3
   31  7313     6
   40 10249     5
   33 13149     6
    1 11235     1
   40  8066     9
   55  4076     6
   44 12307     7
   28  2300     1
   53  2212     9
   29 10508     3
   88  3660     6
   30 10919     9
   86  8398     5
   31 11338     2
   16  3577     5
   96 10348     2
   46  2673     8
   67  9014    10
   50  3576     1
   27  7255     2
   66  2308     6
   91  7229     2
   27  8277     7
   85  9612     9
   98 11560     1
   26  3795     2
   55  9198     2
   94  4552     9
   69 13263     9
   61  3893     1
    8  8827     2
  100  7300     4
    1 12246     5
   40  8700     7
  100  5258     4
   40  7035     4
   94 10880     3
   44  4289     1
   68  7439     4
   46 11196     1
   73 12902     4
   56  9203    10
   76  8839    10
   58  8023     8
   86  7265     2
   91 10521     5
   53  5095     9
   32  8042     9
   58  6259     4
    3  6775    10
   58  2020     1
   24  6671    10
   94 12109     1
   85  8402     7
    8  3006     9
   91 10392     2
   10 10301     8
   63 10309    10
   85 13049     1
   79 10288     6
   24 12306    10
   92  8600     3
   78  4311    10
   24 11276     5
   31  4023     9
   78  7674     3
   64  5035     8
   25 13007     2
   21 10068     4
   32 10578     2
   71 10927     3
   93  9693     7
   87  6505     2
   46  6490     2
   50  4440     5
   72 11875     3
   37  3734     6
    3  7639     3
    3  6641     2
   94  8097    10
    6 12519     3
   61  6765     2
   17 12873    10
   99 11352     4
   45 13272     8
   25  2602     8
   89  8468     5
   55 10296     6
   88 11016     8
   74  8240     6
   34  7308     2
   11 10046     8
   65  3564     8
   11  9723     1
   35  8045     2
   96  5691     7
   88  4121     4
   99 11184    10
   20  5422     9
    9 12293     7
   30  8486     2
   90  3072     1
    1  8709     4
   16 13096     3
   36  7666     2
   51 11254     8
   88 11694     6
   72  9505     8
   54  5617     1
   91  5058     7
   66  4325     8
   59  4859     4
   52  9928     8
   83  3921     7
   57  2935     7
   97  9923     5
    8  4628     4
   46  9507     2
   52  6943    10
   95  2368     2
   19  4471     8
   85 12355     1
    6 10518     9
   84  6139     5
   95  8802     2
   40  5287     1
   79  9935     2
   83 11027     5
   39  3194    10
   98  2080    10
   92 10043     1
   68  9785     2
   88  3257    10
   93  5476     5
   84  9604     5
   23  9028     2
   43  3453     3
   72  8022    10
   95  5256    10
   96  7174     3
   62 11185     6
   61  7686     7
   55 10138     6
   14  7836     3
   44  9711     3
   11 11177     3
   10  4483     8
   51 12444     7
   57  7408     4
   61  9531     8
   46 12916     8
   75  9984     2
   46  8610     9
