29 44 7 2

0 1 0
0 5 0
1 3 0
1 2 0
2 4 0
3 6 0
3 7 0
4 20 0
5 19 0
6 8 0
7 9 0
8 26 0
8 11 0
9 16 140
10 17 0
11 21 0
12 28 0
12 18 0
13 16 0
14 28 0
14 24 0
15 28 0
15 25 0
16 28 0
16 23 10
17 28 0
17 22 8
18 28 0
18 28 24
19 28 68
20 27 152
21 28 0
21 28 0
22 28 0
22 28 0
23 28 0
23 28 0
24 28 0
24 28 36
25 28 0
25 28 42
26 28 16
27 28 0
27 28 135

1 3 
1 8 
3 6 7 9 
2 10 13 
7 1 15 24 26 28 38 40 
4 14 29 30 41 
10 4 12 17 18 20 22 32 34 36 43 

4 0
0 0
6 24
2 0
2 34
1 30
2 0
3 97
6 97
3 130
5 54
4 107
6 134
6 127
6 140
6 143
4 137
4 136
4 144
5 110
5 131
6 137
6 166
6 167
4 150
4 153
5 97
6 213
99 99
