25 35 7 2

0 1 0
0 2 0
1 4 0
1 6 0
2 5 0
2 3 40
3 7 0
3 18 7
4 11 0
5 8 0
5 12 72
6 17 174
7 9 222
8 10 48
9 24 78
10 16 0
10 15 49
11 13 34
12 14 42
13 23 0
13 24 76
14 22 0
14 24 84
15 21 0
15 24 91
16 20 0
16 24 79
17 19 0
17 24 100
18 19 49
19 24 100
20 24 79
21 24 91
22 24 84
23 24 76

1 1 
2 3 5 
5 7 14 16 17 18 
6 20 22 24 26 28 29 
5 30 31 32 33 34 
2 8 10 
3 11 12 13 

0 0
1 0
1 8
2 37
5 0
5 8
6 29
6 37
6 8
2 108
2 79
2 64
2 72
3 76
3 84
3 91
3 79
3 100
3 49
4 100
4 79
4 91
4 84
4 76
99 99
