43 66 7 2

0 1 0
0 2 0
1 3 0
1 5 0
2 4 0
2 7 0
3 6 0
3 12 0
4 16 0
4 10 33
5 8 0
5 15 9
6 9 0
6 31 0
7 14 0
7 13 42
8 11 0
8 30 9
9 24 0
10 38 0
10 42 108
11 21 12
12 20 0
12 23 64
13 28 0
13 42 120
14 19 0
14 22 56
15 18 0
15 41 76
16 17 0
16 25 44
17 21 33
18 40 0
18 25 57
19 27 42
20 39 0
20 26 48
21 37 0
21 42 56
22 36 0
22 42 67
23 32 0
23 42 69
24 35 0
24 42 53
25 34 0
25 42 64
26 29 0
26 42 61
27 33 0
27 42 59
28 42 60
29 42 124
30 42 98
31 42 92
32 42 140
33 42 120
34 42 130
35 42 108
36 42 136
37 42 114
38 42 54
39 42 32
40 42 38
41 42 72

1 1 
2 3 5 
4 7 9 11 15 
8 39 41 43 45 47 49 51 65 
6 13 17 32 34 35 37 
8 18 20 21 23 25 27 29 31 
13 52 53 54 55 56 57 58 59 60 61 62 63 64 

0 0
1 0
1 11
2 0
2 11
2 3
4 0
2 14
4 3
5 0
5 27
5 3
5 16
5 30
5 14
5 19
5 11
4 11
4 19
4 14
4 16
3 57
3 68
3 70
3 54
3 65
3 62
3 60
6 30
6 62
6 49
6 46
6 70
6 60
6 65
6 54
6 68
6 57
6 27
6 16
6 19
3 73
99 99
