42 64 7 2

0 2 0
0 1 0
1 6 0
1 5 0
2 4 0
2 3 0
3 12 0
3 11 0
4 10 0
4 9 0
5 8 0
5 14 0
6 21 0
6 7 0
7 13 0
8 24 0
8 14 0
9 19 0
9 18 0
10 15 0
10 19 0
11 40 0
11 22 0
12 20 0
12 40 0
13 25 0
14 23 0
14 25 0
15 16 0
15 17 0
16 31 0
17 26 0
17 29 0
18 27 0
19 30 0
20 28 4
21 41 24
22 39 0
22 41 5
23 38 0
23 41 21
24 37 0
24 41 12
25 36 0
25 41 30
26 41 35
27 35 0
27 41 59
28 34 0
28 41 61
29 41 44
30 33 0
30 41 50
31 32 0
31 41 41
32 41 74
33 41 83
34 41 94
35 41 92
36 41 63
37 41 45
38 41 54
39 41 38
40 41 29

1 1 
4 7 9 11 13 
3 3 5 25 
10 29 55 56 57 58 59 60 61 62 63 
8 14 16 18 20 22 24 27 32 
5 30 33 34 35 36 
10 38 40 42 44 45 47 49 50 52 54 

0 0
2 25
2 0
1 20
1 0
1 45
1 25
4 34
4 45
4 9
4 0
4 29
4 20
2 43
4 54
3 0
5 0
4 68
5 18
5 9
5 20
5 25
6 38
6 54
6 45
6 63
6 68
6 92
6 94
6 77
6 83
6 74
3 74
3 83
3 94
3 92
3 63
3 45
3 54
3 38
3 29
99 99
