33 47 7 2

0 1 0
0 5 0
1 2 0
1 4 0
2 3 0
3 6 0
3 10 0
4 17 0
4 19 0
5 21 0
5 22 0
6 7 0
6 16 0
7 8 0
7 14 0
8 9 0
8 13 0
9 11 0
10 12 0
10 28 0
11 18 0
11 28 0
12 15 0
12 25 0
13 27 0
13 24 0
14 26 0
14 25 0
15 29 0
16 29 0
17 20 0
17 31 72
18 32 300
19 32 210
20 32 175
21 32 180
22 32 215
23 30 0
23 32 430
24 32 390
25 32 395
26 32 360
27 32 355
28 32 335
29 32 120
30 32 126
31 32 170

1 4 
2 3 16 
3 44 45 46 
3 1 14 23 
13 12 28 32 33 34 35 36 38 39 40 41 42 43 
7 6 8 10 21 25 27 29 
3 17 19 31 

3 0
1 0
0 0
5 36
5 84
5 85
4 36
3 36
1 36
6 36
6 43
5 109
3 43
5 120
5 121
4 43
5 125
6 84
4 109
4 91
4 84
4 85
4 92
4 135
4 127
4 128
4 121
4 120
4 116
2 132
2 135
2 157
99 99
