25 36 7 2

0 1 0
0 2 0
1 3 0
1 4 0
2 5 0
2 8 140
3 10 0
4 7 0
4 13 328
5 6 0
5 11 160
6 16 80
7 9 164
8 14 122
9 17 0
9 24 250
10 15 156
11 12 196
12 19 0
12 24 338
13 23 0
13 24 238
14 22 0
14 24 264
15 18 0
15 24 298
16 21 0
16 24 208
17 20 0
17 24 250
18 24 298
19 24 338
20 24 250
21 24 208
22 24 264
23 24 238

1 1 
2 3 5 
4 13 15 16 17 
3 6 8 10 
2 11 12 
6 19 21 23 25 27 29 
6 30 31 32 33 34 35 

0 0
1 0
1 20
3 0
3 41
3 20
4 20
4 41
2 61
2 125
2 78
2 98
5 169
5 119
5 132
5 149
5 104
5 125
6 149
6 169
6 125
6 104
6 132
6 119
99 99
