27 41 7 2

0 1 0
0 7 0
1 2 0
1 6 0
2 3 0
2 4 0
3 5 0
4 9 0
4 13 0
5 11 0
6 11 0
7 8 0
7 17 0
8 10 0
8 12 12
9 12 9
10 20 78
11 16 0
11 26 62
12 15 0
12 26 68
13 14 8
14 25 0
14 26 53
15 18 0
15 22 42
16 19 0
16 21 36
17 23 34
18 26 182
19 26 170
20 24 0
20 26 65
21 26 0
21 26 107
22 26 0
22 26 113
23 26 0
23 26 105
24 26 91
25 26 79

1 5 
3 1 29 30 
7 18 20 34 36 38 39 40 
4 3 9 15 16 
4 6 8 10 14 
5 23 25 27 28 32 
2 12 21 

1 0
3 0
0 0
4 0
4 48
3 42
4 65
6 71
4 71
3 48
3 71
2 107
2 113
6 90
5 124
5 113
5 107
5 105
1 113
1 107
5 136
2 152
2 158
2 150
2 136
2 124
99 99
