25 36 7 2

0 2 0
0 1 0
1 5 0
1 6 0
2 4 0
2 3 0
3 9 0
3 11 0
4 10 0
5 8 0
5 7 258
6 15 102
7 16 0
7 24 274
8 18 86
9 14 168
10 21 0
10 13 188
11 12 184
12 23 0
12 24 292
13 22 0
13 24 296
14 20 0
14 24 276
15 19 0
15 24 210
16 17 0
16 24 274
17 24 274
18 24 194
19 24 210
20 24 276
21 24 188
22 24 296
23 24 292

1 1 
6 11 13 14 15 17 18 
5 20 22 24 26 28 
7 29 30 31 32 33 34 35 
1 5 
2 3 7 
2 8 10 

0 0
5 43
4 0
5 84
6 0
6 43
1 51
1 137
1 43
1 84
1 94
1 92
2 146
2 148
2 138
2 105
2 137
3 137
3 97
3 105
3 138
3 94
3 148
3 146
99 99
