25 34 7 2

0 1 0
0 8 0
1 2 0
1 7 0
2 3 0
2 5 0
3 4 0
4 10 0
5 6 0
5 10 0
6 9 0
6 12 24
7 11 0
7 12 0
8 16 8
9 13 0
9 17 152
10 18 344
11 19 280
12 15 0
12 24 348
13 14 108
14 24 264
15 23 184
16 20 196
17 22 0
17 21 260
18 20 0
18 24 356
19 24 324
20 24 123
21 24 139
22 24 99
23 24 120

1 3 
2 5 7 
7 11 22 23 24 26 28 29 
4 1 16 17 18 
4 6 9 13 14 
2 20 21 
4 30 31 32 33 

3 0
0 0
1 0
4 0
1 24
4 40
2 40
4 56
4 59
3 40
3 64
3 56
5 80
5 40
2 100
2 80
2 83
2 99
2 123
2 115
6 123
6 139
6 99
6 120
99 99
