27 39 7 2

0 2 0
0 1 0
1 4 0
1 5 0
2 3 0
3 8 0
3 9 0
4 7 0
4 12 162
5 6 0
5 10 174
6 11 0
6 19 322
7 13 0
7 16 308
8 15 0
8 18 252
9 14 0
9 21 258
10 25 0
10 26 412
11 23 184
12 24 0
12 26 404
13 22 176
14 20 344
15 17 336
16 26 256
17 26 0
17 26 360
18 26 290
19 26 260
20 26 0
20 26 364
21 26 294
22 26 280
23 26 284
24 26 202
25 26 206

1 1 
10 27 29 30 31 33 34 35 36 37 38 
2 16 18 
2 8 10 
3 4 12 14 
6 20 21 23 24 25 26 
2 3 6 

0 0
6 44
4 0
6 84
3 44
3 46
4 46
4 44
2 84
2 86
5 103
5 46
5 101
5 44
5 86
5 84
1 128
1 180
1 145
1 130
1 182
1 147
1 140
1 142
1 101
1 103
99 99
