50 77 7 2

0 1 0
0 5 0
1 3 0
1 2 0
2 13 0
2 15 0
3 4 0
3 14 0
4 8 0
4 7 0
5 6 0
5 18 0
6 19 0
6 11 0
7 9 0
7 10 0
8 21 0
9 24 0
9 12 12
10 25 0
10 29 18
11 28 0
11 32 0
12 26 0
12 29 0
13 17 0
13 20 60
14 38 10
15 16 0
15 36 70
16 35 0
17 22 0
18 40 0
19 23 0
20 37 0
20 36 0
21 43 0
21 38 0
22 34 0
22 35 0
23 41 0
23 40 0
24 27 9
25 42 27
26 31 0
26 33 0
27 39 0
27 42 2
28 30 0
28 49 81
29 44 0
29 49 210
30 49 180
31 49 200
32 49 190
33 48 0
33 45 12
34 49 76
35 49 84
36 49 108
37 49 100
38 49 60
39 47 0
39 49 140
40 49 132
41 49 124
42 46 0
42 49 148
43 49 52
44 45 4
45 49 0
45 49 166
46 49 0
46 49 156
47 49 152
48 49 0
48 49 162

5 1 71 73 74 76 
1 9 
4 3 13 18 20 
8 16 26 27 29 51 52 53 54 
7 30 31 32 33 42 43 49 
12 5 7 11 15 22 24 35 37 39 41 47 56 
12 45 57 58 59 60 61 63 64 65 67 68 69 

0 0
2 0
5 12
5 0
1 0
5 24
2 24
5 28
3 0
2 28
2 30
5 36
5 40
3 12
3 2
3 14
4 14
4 12
4 26
4 24
5 66
5 54
5 60
5 72
4 28
4 30
6 40
5 76
4 36
3 42
3 36
3 40
3 38
5 81
6 60
6 62
6 68
6 66
6 56
6 76
6 74
6 72
6 78
6 54
6 42
0 83
0 78
0 76
0 81
99 99
