26 36 7 2

0 1 0
0 3 0
1 4 0
1 2 0
2 10 0
3 7 0
3 9 152
4 5 0
5 8 0
5 6 0
6 16 0
6 14 0
7 15 0
7 12 0
8 17 0
8 13 0
9 18 0
9 11 8
10 24 0
11 25 560
12 19 0
12 25 294
13 25 189
14 25 322
15 23 0
16 22 0
17 21 0
18 20 306
19 25 171
20 25 0
20 25 82
21 25 29
22 25 0
22 25 48
23 25 44
24 25 33

0 
2 1 9 
1 6 
3 3 4 7 
9 11 13 15 17 30 31 33 34 35 
4 19 21 22 23 
6 18 24 25 26 27 28 

1 0
3 0
3 4
2 19
3 0
1 4
4 23
4 19
4 4
4 57
6 8
5 80
5 42
5 27
5 46
6 19
6 23
6 4
6 57
6 42
4 131
4 78
4 97
4 93
4 82
99 99
