35 49 7 2

0 1 0
0 16 0
1 2 0
1 5 0
2 4 0
2 3 0
3 10 0
3 9 0
4 8 0
4 7 0
5 6 0
5 15 0
6 14 0
7 13 0
8 26 0
8 11 0
9 18 0
10 12 0
10 17 0
11 22 0
12 19 0
12 20 0
13 30 0
14 30 0
15 30 0
16 18 0
16 22 0
17 29 0
18 27 0
19 21 0
20 23 0
21 24 0
21 34 0
22 25 24
23 28 0
23 33 51
24 32 54
25 34 6
26 31 0
27 34 440
28 34 472
29 34 424
30 34 384
31 34 0
31 34 48
32 34 0
32 34 16
33 34 0
33 34 14

1 5 
9 12 13 15 16 18 24 26 35 36 
4 3 21 22 27 
7 7 9 11 23 28 30 33 
3 1 19 29 
5 32 37 44 46 48 
5 38 39 40 41 42 

4 0
2 0
0 0
3 19
3 0
3 26
1 26
1 14
1 0
1 33
1 19
4 8
2 19
2 22
3 34
1 40
1 41
2 27
3 41
4 19
3 45
5 60
3 49
1 59
1 60
5 63
6 0
6 55
6 59
6 53
6 48
5 84
5 68
5 67
99 99
