29 42 7 2

0 4 0
0 1 0
1 3 0
1 2 0
2 8 0
2 7 0
3 5 0
3 9 0
4 6 0
5 18 0
5 11 84
6 16 0
6 13 12
7 12 0
7 23 162
8 19 0
8 10 126
9 20 0
9 15 120
10 23 33
11 14 0
11 15 26
12 17 0
12 24 162
13 27 294
14 28 342
15 22 0
15 28 378
16 25 258
17 28 243
18 21 126
19 28 189
20 28 180
21 28 0
21 28 210
22 28 126
23 28 140
24 28 170
25 28 202
26 28 184
27 28 0
27 28 214

1 1 
5 5 7 12 19 21 
1 3 
5 8 10 14 16 18 
5 23 24 25 27 28 
7 34 35 36 37 38 39 41 
4 29 30 31 32 

0 0
2 14
1 21
1 14
3 0
3 14
1 43
3 27
3 21
3 20
1 64
1 57
4 27
4 49
4 57
4 63
4 43
6 27
6 14
6 21
6 20
5 105
5 63
5 70
5 85
5 101
5 92
5 107
99 99
