26 35 7 2

0 1 0
0 2 0
1 3 0
1 4 0
2 5 0
2 7 180
3 8 0
4 9 0
4 17 567
5 6 180
6 13 0
6 23 763
7 12 0
7 21 581
8 11 0
8 19 623
9 10 0
9 15 441
10 18 441
11 20 623
12 22 581
13 14 0
13 24 763
14 23 327
15 16 0
15 25 429
16 25 143
17 25 152
18 25 155
19 25 169
20 25 181
21 25 163
22 25 175
23 25 189
24 25 201

1 1 
2 3 5 
9 26 27 28 29 30 31 32 33 34 
4 11 13 15 17 
2 23 25 
3 6 8 9 
4 18 19 20 22 

0 0
1 0
1 20
5 0
5 63
5 20
3 109
3 83
3 89
3 63
6 63
6 89
6 83
6 109
4 109
4 143
2 143
2 152
2 155
2 169
2 181
2 163
2 175
2 189
2 201
99 99
