36 56 7 2

0 1 0
0 2 0
1 3 0
1 4 0
2 7 0
2 24 0
3 6 0
3 5 0
4 19 0
5 10 0
5 14 0
6 9 0
7 8 0
7 20 0
8 18 0
8 14 0
9 13 0
9 12 0
10 11 0
10 17 0
11 23 0
12 16 0
12 15 0
13 18 0
14 15 0
14 24 0
15 25 4
16 21 0
16 25 0
17 25 0
18 27 0
19 27 0
20 22 0
20 28 15
21 29 0
22 26 0
22 35 25
23 30 0
24 34 0
24 35 49
25 35 56
26 35 38
27 33 0
27 35 65
28 32 0
28 35 70
29 35 0
29 35 72
30 31 0
30 35 76
31 35 0
31 35 63
32 35 0
32 35 57
33 35 52
34 35 36

9 15 17 19 26 36 51 53 54 55 
1 1 
3 5 7 28 
5 8 10 11 13 29 
6 20 22 23 25 31 33 
7 39 40 41 43 45 47 49 
4 3 30 34 37 

1 0
6 0
2 92
2 0
3 87
3 71
3 0
3 92
0 92
0 60
0 71
4 71
4 99
4 60
4 131
0 131
2 99
3 110
6 92
4 147
4 152
6 99
0 152
6 103
5 163
5 170
5 152
5 179
5 184
5 186
5 190
0 190
0 184
0 179
0 163
99 99
