55 84 7 2

0 2 0
0 1 0
1 6 0
1 5 0
2 4 0
2 3 0
3 10 0
3 9 0
4 7 0
4 8 0
5 23 0
5 24 0
6 29 0
6 30 0
7 15 0
7 12 0
8 31 0
8 11 0
9 28 0
9 16 30
10 27 0
10 17 10
11 13 0
11 19 0
12 14 0
12 21 0
13 25 0
13 16 36
14 26 0
14 17 24
15 42 0
16 20 0
16 41 36
17 22 0
17 18 12
18 38 0
18 54 224
19 37 0
19 54 204
20 36 0
20 54 192
21 35 0
21 54 188
22 34 0
22 54 176
23 46 84
24 47 100
25 33 0
25 54 156
26 32 0
26 54 140
27 49 36
28 50 52
29 51 48
30 52 64
31 53 16
32 54 105
33 48 0
33 54 117
34 45 0
34 54 132
35 44 0
35 54 141
36 43 0
36 54 144
37 40 0
37 54 153
38 39 0
38 54 168
39 54 112
40 54 102
41 54 120
42 54 166
43 54 96
44 54 94
45 54 88
46 54 208
47 54 216
48 54 78
49 54 184
50 54 192
51 54 190
52 54 198
53 54 174

4 7 9 11 13 
4 3 5 27 29 
4 15 17 19 21 
5 1 23 25 32 34 
15 30 36 38 40 42 44 45 46 48 50 51 52 53 54 55 
15 69 70 71 72 73 74 75 76 77 78 79 80 81 82 83 
7 56 58 60 62 64 66 68 

3 0
1 12
1 0
0 9
0 0
0 21
0 12
2 0
2 4
2 13
2 9
3 39
3 35
1 39
1 35
4 0
3 48
3 44
4 56
4 51
4 48
4 47
4 44
4 21
4 25
4 39
4 35
4 9
4 13
4 12
4 16
4 4
6 35
6 39
6 44
6 47
6 48
6 51
6 56
5 56
5 51
5 60
5 83
5 48
5 47
5 44
5 104
5 108
5 39
5 92
5 96
5 95
5 99
5 87
99 99
