42 65 7 2

0 1 0
0 16 0
1 3 0
1 2 0
2 6 0
2 12 0
3 5 0
3 4 0
4 11 0
4 10 0
5 9 0
5 13 0
6 8 0
6 7 0
7 15 0
7 17 0
8 39 0
9 14 0
10 39 0
10 21 0
11 19 0
12 20 0
12 24 0
13 26 0
14 27 0
15 37 0
15 18 0
16 22 0
16 27 0
17 23 0
17 28 0
18 25 0
18 28 0
19 40 0
19 41 162
20 38 0
20 41 54
21 36 0
21 41 62
22 35 0
22 41 74
23 34 0
23 41 66
24 33 0
24 41 92
25 32 0
25 41 96
26 31 0
26 41 116
27 30 0
27 41 112
28 29 0
28 41 134
29 41 206
30 41 184
31 41 188
32 41 168
33 41 164
34 41 138
35 41 146
36 41 134
37 41 100
38 41 126
39 41 96
40 41 92

1 3 
3 9 11 13 
12 53 54 55 56 57 58 59 60 61 62 63 64 
4 1 23 24 34 
8 15 16 17 19 20 22 28 32 
4 5 7 26 30 
9 36 38 40 42 44 46 48 50 52 

3 0
0 0
5 36
5 0
1 34
1 0
1 36
4 57
4 36
4 0
4 55
4 34
4 70
3 21
3 19
5 57
4 80
5 76
4 91
3 53
6 70
6 74
6 80
6 76
6 89
6 91
6 101
6 99
6 110
2 110
2 99
2 101
2 91
2 89
2 76
2 80
2 74
2 57
2 70
2 55
2 53
99 99
