25 36 7 2

0 1 0
0 5 0
1 2 0
1 6 0
2 3 0
2 4 0
3 10 0
4 8 0
5 7 0
5 9 0
6 8 0
7 12 40
8 17 2
9 18 6
10 11 0
10 13 26
11 18 56
12 16 0
12 14 48
13 15 0
13 24 264
14 23 0
14 24 282
15 22 0
15 24 249
16 21 0
16 24 207
17 20 0
17 24 213
18 19 0
18 24 219
19 24 234
20 24 228
21 24 222
22 24 264
23 24 297

2 1 20 
1 6 
4 5 9 10 16 
3 3 7 11 
5 22 24 26 28 30 
4 12 13 15 18 
5 31 32 33 34 35 

0 0
3 0
2 0
1 0
3 15
2 38
2 36
3 38
5 51
5 53
5 63
2 63
5 74
0 88
4 99
4 88
4 74
4 76
4 78
6 78
6 76
6 74
6 88
6 99
99 99
