27 38 7 2

0 1 0
0 4 0
1 2 0
1 3 0
2 6 0
3 5 0
3 14 462
4 11 0
4 10 244
5 9 264
6 8 0
6 7 280
7 17 0
7 21 666
8 16 0
8 22 420
9 15 0
9 24 642
10 13 0
10 20 612
11 12 366
12 26 774
13 25 612
14 26 762
15 23 642
16 19 420
17 18 666
18 26 0
18 26 196
19 26 155
20 26 170
21 26 179
22 26 138
23 26 0
23 26 192
24 26 175
25 26 0
25 26 187

3 8 9 11 
2 1 6 
8 28 29 30 31 32 34 35 37 
1 3 
5 13 15 17 19 20 
1 4 
6 21 22 23 24 25 26 

1 0
3 0
5 0
1 66
0 61
0 66
0 70
4 111
4 70
4 107
4 102
4 61
6 129
6 102
6 127
6 107
6 70
6 111
2 196
2 155
2 170
2 179
2 138
2 192
2 175
2 187
99 99
