30 43 7 2

0 1 0
0 7 0
1 3 0
1 2 0
2 4 0
2 5 0
3 9 0
3 4 0
4 15 0
4 6 0
5 8 0
5 11 0
6 16 0
6 11 0
7 17 0
7 16 0
8 18 0
8 10 24
9 12 0
9 13 0
10 24 27
11 14 0
11 24 42
12 20 0
13 21 0
13 19 42
14 23 112
15 22 32
16 26 80
17 27 48
18 28 64
19 29 255
20 25 0
20 29 270
21 29 237
22 29 120
23 29 0
23 29 140
24 29 92
25 29 112
26 29 132
27 29 124
28 29 128

1 3 
4 5 7 13 15 
5 17 22 31 33 34 
5 1 9 11 20 25 
1 19 
7 35 37 38 39 40 41 42 
6 23 26 27 28 29 30 

3 0
0 0
1 4
1 0
3 4
3 8
1 10
1 6
2 8
4 0
3 74
2 14
6 0
3 79
6 14
6 4
6 10
6 6
6 8
2 85
2 90
2 79
5 94
5 104
5 80
5 90
5 100
5 96
5 98
99 99
