27 35 7 2

0 1 0
0 4 0
1 3 0
1 2 0
2 7 0
2 12 0
3 5 0
3 6 0
4 16 0
4 9 0
5 11 0
6 8 0
6 10 0
7 19 63
8 13 0
9 15 0
9 14 0
10 20 0
10 22 0
11 19 0
12 23 0
13 23 0
14 24 0
15 17 24
16 18 8
17 26 84
18 25 0
18 21 70
19 26 252
20 26 174
21 26 101
22 26 75
23 26 80
24 26 84
25 26 86

1 1 
3 5 7 9 
3 10 12 13 
3 16 28 29 
5 30 31 32 33 34 
4 14 20 23 24 
7 3 18 19 21 22 25 27 

0 0
6 0
1 15
1 0
1 23
2 0
2 2
2 15
5 2
3 25
6 60
6 58
5 17
6 65
6 69
5 25
5 23
6 88
6 86
3 73
3 60
4 101
4 75
4 80
4 84
4 86
99 99
