46 73 7 2

0 1 0
0 2 0
1 4 0
1 3 0
2 11 0
2 10 0
3 7 0
3 14 0
4 6 0
4 5 0
5 13 0
5 14 0
6 9 0
6 8 0
7 12 0
7 17 6
8 16 0
8 17 6
9 22 0
10 15 0
10 37 28
11 28 0
11 36 26
12 20 2
13 25 0
13 30 0
14 26 0
14 29 0
15 27 0
15 21 0
16 18 0
16 38 0
17 19 0
17 31 7
18 24 0
18 32 76
19 23 0
19 33 78
20 45 124
21 42 0
21 45 138
22 45 122
23 45 128
24 45 126
25 45 116
26 45 118
27 34 78
28 35 76
29 43 0
29 45 0
30 45 0
31 45 0
32 45 0
32 45 0
33 45 0
33 45 0
34 45 0
34 45 0
35 45 0
35 45 0
36 40 0
36 45 0
37 41 0
37 45 0
38 39 0
38 45 0
39 44 0
39 45 186
40 45 192
41 45 194
42 45 188
43 45 228
44 45 236

1 1 
4 3 5 11 17 
2 13 15 
10 7 9 20 22 35 37 38 40 41 67 
13 18 23 42 43 44 45 46 47 68 69 70 71 72 
5 25 27 29 31 33 
10 49 50 51 53 55 57 59 61 63 65 

0 0
1 0
1 38
3 1
3 0
1 58
2 0
2 1
1 63
4 0
3 39
3 38
4 1
5 58
5 59
5 39
5 63
5 64
3 63
3 64
3 87
3 94
3 86
4 64
4 63
4 58
4 59
4 39
4 38
6 114
6 113
6 119
6 121
6 122
6 125
6 124
6 96
6 97
6 118
3 118
4 96
4 97
4 94
4 114
4 118
99 99
