35 53 7 2

0 1 0
0 9 0
1 2 0
1 5 0
2 4 0
2 3 0
3 7 0
3 11 0
4 6 0
4 13 0
5 8 0
5 10 0
6 17 0
7 15 0
7 12 0
8 19 0
8 12 0
9 10 0
9 27 0
10 20 0
10 18 4
11 14 0
11 18 0
12 27 0
12 18 0
13 23 0
14 25 0
15 16 0
16 24 0
16 25 0
17 28 0
17 23 0
18 21 0
18 22 0
19 29 0
19 31 77
20 26 0
20 30 75
21 34 230
22 34 250
23 34 245
24 33 0
24 34 265
25 32 0
25 34 285
26 34 190
27 34 210
28 34 225
29 34 170
30 34 189
31 34 210
32 34 144
33 34 132

1 1 
3 5 16 20 
4 3 14 22 37 
8 7 9 11 18 24 29 31 33 
4 49 50 51 52 
5 12 25 26 27 35 
9 38 39 40 42 44 45 46 47 48 

0 0
2 0
1 0
3 8
3 0
3 34
5 0
2 8
1 34
3 38
1 38
2 12
3 42
5 4
5 12
5 8
3 53
3 45
3 46
5 34
2 38
6 46
6 50
6 49
6 53
6 57
6 38
6 42
6 45
6 34
4 72
4 79
4 57
4 53
99 99
