30 42 7 2

0 1 0
0 15 0
1 2 0
1 6 0
2 3 0
2 5 0
3 4 0
4 7 0
4 8 0
5 9 0
5 12 0
6 11 0
6 10 0
7 13 0
8 23 0
9 17 0
9 14 0
10 23 0
11 13 0
12 18 0
12 20 0
13 23 0
14 21 0
14 20 0
15 16 0
15 21 0
16 19 0
16 22 27
17 25 0
18 27 0
19 26 0
20 29 0
21 28 0
22 24 0
22 29 24
23 29 6
24 29 53
25 29 59
26 29 84
27 29 66
28 29 0
28 29 91

1 5 
1 1 
6 6 16 17 18 20 27 
6 8 10 12 21 23 25 
5 36 37 38 39 41 
5 3 13 14 28 29 
5 30 31 32 34 35 

1 0
5 0
0 0
2 0
3 30
3 46
3 59
5 30
5 37
2 46
2 66
2 59
2 53
3 89
3 76
3 69
2 69
5 46
5 53
6 69
6 83
6 76
6 99
6 96
4 99
4 105
4 130
4 112
4 137
99 99
