37 56 7 2

0 1 0
0 10 0
1 2 0
1 5 0
2 4 0
2 3 0
3 15 0
3 9 0
4 8 0
5 7 0
5 6 0
6 18 0
6 21 0
7 25 0
7 16 0
8 11 0
8 13 0
9 26 0
10 12 0
10 19 0
11 14 0
12 17 0
12 14 0
13 22 0
14 20 0
14 22 0
15 31 49
16 30 0
16 36 20
17 29 0
17 36 28
18 28 0
18 36 29
19 27 0
19 36 36
20 24 0
20 36 45
21 23 0
21 36 37
22 35 0
22 36 53
23 36 69
24 36 77
25 36 44
26 36 47
27 36 68
28 36 61
29 36 60
30 36 52
31 33 0
31 32 32
32 36 47
33 34 0
33 36 70
34 36 102
35 36 85

1 5 
5 7 8 10 22 51 
10 41 42 43 44 45 46 47 48 54 55 
3 1 20 23 
2 3 26 
7 12 14 16 17 19 25 50 
8 28 30 32 34 36 38 40 53 

3 0
4 0
0 0
1 58
1 0
1 80
5 97
5 80
5 17
5 75
5 96
3 17
1 96
3 25
5 113
4 58
6 88
6 96
6 97
6 104
6 113
6 105
6 121
2 105
2 113
2 80
2 83
2 104
2 97
2 96
2 88
5 138
1 146
6 138
2 138
2 121
99 99
