26 35 7 2

0 1 0
0 14 0
1 2 0
1 3 0
2 6 0
2 5 0
3 4 0
3 16 0
4 15 0
5 9 0
5 8 0
6 7 0
7 11 0
7 12 0
8 10 0
8 17 0
9 23 0
10 18 0
11 13 0
12 17 0
13 22 0
13 18 0
14 19 0
14 23 0
15 20 0
16 25 5
17 25 11
18 24 0
18 25 10
19 25 158
20 25 23
21 25 18
22 25 168
23 25 174
24 25 184

3 8 10 11 
1 3 
6 13 15 29 32 33 34 
4 1 16 17 18 
5 5 7 19 21 23 
4 26 28 30 31 
2 24 25 

3 0
1 0
4 0
4 55
0 55
0 8
0 0
2 5
2 13
3 8
3 13
3 5
4 100
4 99
4 94
6 60
6 63
5 108
5 107
2 94
5 120
5 115
2 99
2 102
2 107
99 99
