36 55 7 2

0 1 0
0 3 0
1 2 0
1 4 0
2 6 0
3 5 0
3 19 0
4 7 0
4 13 0
5 8 0
5 10 0
6 14 0
6 11 4
7 15 0
7 29 120
8 9 0
8 12 88
9 31 0
10 18 0
10 20 0
11 17 0
11 26 20
12 16 0
12 27 34
13 22 2
14 28 0
15 23 0
16 33 0
17 35 0
18 24 6
19 35 12
20 21 0
20 35 0
21 35 238
22 30 0
22 35 270
23 25 0
23 35 296
24 34 0
24 35 338
25 35 84
26 35 68
27 35 0
27 35 96
28 32 0
28 35 120
29 35 8
30 35 32
31 35 20
32 35 0
32 35 122
33 35 0
33 35 138
34 35 0
34 35 146

1 1 
1 3 
7 4 14 16 33 35 37 39 
3 8 10 12 
8 6 19 21 23 24 50 52 54 
5 17 25 26 29 30 
10 27 28 32 40 41 43 45 46 47 48 

0 0
1 0
2 0
4 44
3 60
3 44
3 69
2 60
2 44
5 44
4 81
4 106
4 113
4 97
5 69
5 60
6 113
6 106
5 81
5 82
6 119
2 119
2 135
2 148
2 169
6 148
6 144
6 151
6 157
6 129
6 135
6 132
4 157
4 165
4 169
99 99
