23 35 7 2

0 1 0
0 4 0
1 2 0
1 3 0
2 5 0
3 10 0
4 9 0
4 8 0
5 7 0
5 6 40
6 14 0
6 16 546
7 21 336
8 20 448
9 11 27
10 13 84
11 12 0
11 15 172
12 17 300
13 19 340
14 18 285
15 22 0
15 22 133
16 22 0
16 22 157
17 22 0
17 22 148
18 22 0
18 22 145
19 22 0
19 22 156
20 22 0
20 22 143
21 22 0
21 22 127

7 22 24 26 28 30 32 34 
1 1 
4 3 11 12 13 
1 4 
3 18 19 20 
4 7 9 15 17 
2 5 14 

1 0
2 0
3 0
6 57
5 79
5 93
2 123
2 93
2 109
6 79
5 104
5 126
4 126
4 134
4 123
0 156
0 180
0 171
0 168
0 179
0 166
0 150
99 99
