44 67 7 2

0 1 0
0 7 0
1 3 0
1 2 0
2 6 0
2 21 0
3 5 0
3 4 0
4 12 0
4 11 0
5 8 0
5 9 0
6 14 0
6 20 0
7 15 0
7 21 0
8 10 0
8 17 0
9 13 0
9 18 0
10 19 0
11 31 0
12 30 0
13 16 0
14 42 0
15 42 0
16 27 0
16 31 0
17 22 0
17 30 0
18 24 0
18 29 0
19 23 0
19 28 0
20 41 0
21 41 0
22 26 0
22 43 0
23 25 0
23 43 0
24 43 0
25 40 0
26 43 0
27 39 0
27 43 0
28 35 0
28 43 0
29 34 0
29 43 0
30 33 0
30 43 0
31 32 0
31 43 0
32 38 0
32 43 0
33 37 0
33 43 0
34 36 0
34 43 0
35 43 0
36 43 0
37 43 0
38 43 0
39 43 0
40 43 34
41 43 0
42 43 0

4 9 11 13 15 
2 19 20 
6 5 7 27 29 31 33 
4 17 21 22 23 
7 3 25 35 54 56 58 64 
10 1 24 34 41 42 44 46 48 50 52 
10 37 39 40 59 60 61 62 63 65 66 

5 0
4 0
2 56
2 0
0 12
0 0
0 56
0 64
3 0
1 4
1 0
3 16
3 12
3 4
5 56
4 64
2 86
2 82
2 80
2 76
5 60
4 68
6 82
6 76
6 80
5 76
5 82
5 86
5 88
5 92
5 94
5 98
4 98
4 94
4 92
6 88
6 92
6 94
6 98
6 86
4 140
6 124
6 120
99 99
