28 41 7 2

0 1 0
0 8 0
1 2 0
1 5 0
2 4 0
2 3 0
3 6 0
4 7 0
5 6 0
5 15 0
6 11 0
7 9 0
7 10 0
8 12 0
8 13 0
9 14 0
10 21 0
11 16 0
11 24 0
12 17 0
12 14 0
13 18 0
13 21 0
14 21 0
15 20 0
15 24 0
16 22 0
17 23 0
18 19 0
18 26 18
19 27 0
20 27 0
21 25 0
21 26 0
22 27 0
23 27 0
23 27 0
24 27 48
25 27 86
26 27 0
26 27 30

1 3 
5 10 12 14 23 25 
6 6 7 9 18 20 22 
3 1 15 16 
4 26 27 29 38 
3 30 31 37 
5 5 33 34 36 40 

3 0
0 0
6 0
2 37
2 0
2 71
1 71
1 34
1 85
3 34
3 47
2 84
2 85
2 98
1 119
1 105
4 84
4 85
4 98
5 98
5 105
6 132
6 155
6 156
5 118
4 132
6 169
99 99
