25 36 7 2

0 1 0
0 3 0
1 2 0
1 5 0
2 6 0
3 4 0
3 8 80
4 14 84
5 10 0
5 17 272
6 7 0
6 16 256
7 9 0
7 11 320
8 15 174
9 12 111
10 13 123
11 18 0
11 24 528
12 24 496
13 24 512
14 23 0
14 24 270
15 22 0
15 24 387
16 21 0
16 24 399
17 20 0
17 24 411
18 19 0
18 24 348
19 24 396
20 24 459
21 24 447
22 24 435
23 24 318

1 1 
2 3 13 
2 4 6 
6 7 9 11 18 19 20 
3 14 15 16 
5 31 32 33 34 35 
5 22 24 26 28 30 

0 0
1 0
2 0
2 21
3 21
3 68
3 64
1 64
4 85
4 64
4 68
3 132
3 124
3 128
6 106
6 145
6 149
6 153
6 132
5 132
5 153
5 149
5 145
5 106
99 99
