25 37 7 2

0 1 0
0 2 0
1 4 0
2 3 0
2 6 0
3 8 52
4 7 0
4 5 200
5 17 352
6 11 0
6 9 204
7 10 0
7 22 220
8 15 0
8 17 395
9 14 0
9 23 585
10 13 0
10 19 375
11 12 0
11 21 355
12 20 355
13 18 375
14 24 585
15 16 395
16 24 0
16 24 177
17 24 154
18 24 0
18 24 173
19 24 150
20 24 0
20 24 169
21 24 146
22 24 121
23 24 0
23 24 192

8 26 27 29 30 32 33 34 36 
4 5 8 10 12 
2 1 7 
1 4 
1 2 
4 14 16 18 20 
4 21 22 23 24 

2 0
4 0
3 33
1 33
2 75
1 108
1 71
1 75
5 79
5 117
5 75
5 71
6 71
6 75
6 117
6 79
0 177
0 154
0 173
0 150
0 169
0 146
0 121
0 192
99 99
