52 81 7 2

0 1 0
0 9 0
1 2 0
1 8 0
2 4 0
2 3 0
3 7 0
3 6 0
4 5 0
5 13 0
5 12 0
6 38 0
6 37 0
7 11 0
7 10 0
8 21 0
8 20 0
9 19 0
9 18 0
10 17 0
10 32 0
11 16 0
11 28 0
12 15 0
12 31 0
13 14 0
13 26 0
14 27 0
15 49 0
16 26 0
17 31 0
18 25 0
18 32 0
19 24 0
19 28 0
20 23 0
20 31 0
21 22 0
21 26 0
22 36 0
22 27 0
23 35 0
23 49 0
24 34 0
24 26 0
25 33 0
25 31 0
26 29 0
26 31 0
27 48 0
27 49 0
28 30 0
28 32 0
29 47 0
29 43 0
30 46 0
30 42 0
31 45 0
31 41 0
32 44 0
32 50 0
33 51 108
34 39 0
34 51 98
35 40 0
35 51 102
36 51 92
37 51 104
38 51 94
39 51 0
40 51 4
41 51 196
42 51 192
43 51 186
44 51 158
45 51 152
46 51 148
47 51 142
48 51 136
49 51 146
50 51 202

16 61 63 65 66 67 68 71 72 73 74 75 76 77 78 79 80 
8 10 12 14 16 18 48 50 52 
5 1 20 22 24 26 
5 5 32 34 36 38 
5 3 27 28 29 30 
10 7 8 40 42 44 46 54 56 58 60 
2 69 70 

2 0
4 0
3 0
5 25
5 0
1 22
1 47
1 25
1 46
1 49
2 30
2 25
2 27
2 22
4 22
4 27
4 25
4 30
3 54
3 49
3 51
3 46
5 46
5 51
5 49
5 54
1 71
1 68
1 74
5 71
5 74
5 76
5 79
0 54
0 49
0 51
0 46
0 52
0 47
6 49
6 51
0 98
0 96
0 93
0 79
0 76
0 74
0 71
0 68
0 73
0 101
99 99
