26 35 7 2

0 2 0
0 1 0
1 4 0
1 12 0
2 3 0
2 6 0
3 7 0
3 5 0
4 8 0
4 9 0
5 13 0
5 9 0
6 11 0
6 12 0
7 14 0
8 15 35
9 10 0
9 18 174
10 23 256
11 22 240
12 24 268
13 16 228
14 17 0
14 21 348
15 25 376
16 20 0
16 25 278
17 19 174
18 25 248
19 25 131
20 25 133
21 25 163
22 25 136
23 25 140
24 25 143

3 26 27 28 
3 1 11 13 
2 7 9 
6 18 19 20 21 23 24 
2 14 15 
3 3 5 17 
6 29 30 31 32 33 34 

1 0
5 7
5 0
2 0
2 7
1 57
1 60
4 0
4 7
5 64
3 64
3 60
3 67
3 57
3 87
3 94
0 139
0 87
0 124
6 137
6 139
6 169
6 142
6 146
6 149
99 99
