49 81 7 2

0 1 0
0 8 0
1 2 0
1 7 0
2 4 0
2 3 0
3 5 0
3 18 0
4 6 0
5 10 0
5 20 0
6 29 0
7 12 0
7 29 0
8 9 0
8 16 0
9 11 0
9 15 0
10 14 0
10 17 72
11 13 0
11 24 126
12 19 0
12 17 93
13 28 0
13 24 24
14 23 0
15 26 24
16 21 0
16 23 0
17 22 0
17 36 0
18 25 66
19 30 0
19 31 144
20 37 6
21 40 49
22 38 0
22 27 72
23 26 0
23 25 74
24 32 0
24 33 0
25 33 0
25 34 0
26 39 0
26 37 0
27 48 0
27 35 0
28 47 210
29 48 339
30 42 264
31 41 0
31 48 102
32 48 74
33 48 0
33 48 89
34 48 0
34 48 104
35 48 0
35 48 103
36 48 78
37 48 79
38 44 0
38 47 63
39 43 0
39 48 64
40 48 0
40 48 10
41 48 0
41 45 16
42 46 0
42 48 36
43 48 417
44 48 414
45 48 0
45 48 117
46 48 0
46 48 112
47 48 0
47 48 113

5 1 50 51 73 74 
3 5 21 23 
14 25 36 53 54 56 58 60 61 62 64 66 76 78 80 
3 3 11 19 
7 7 8 13 15 27 38 40 
5 26 32 34 35 49 
11 10 17 29 31 42 44 46 48 68 70 72 

0 0
3 0
1 0
4 50
4 0
6 50
3 25
4 88
4 99
6 99
3 50
1 99
1 88
2 99
5 50
4 114
6 124
6 138
5 75
5 88
5 65
2 124
4 138
4 139
6 149
6 164
6 139
6 163
5 99
0 113
0 88
2 177
2 149
2 164
2 179
2 178
2 153
2 154
2 138
2 139
6 174
6 177
6 187
0 139
0 138
2 192
2 187
2 188
99 99
