28 41 7 2

0 1 0
0 6 0
1 2 0
1 3 0
2 4 0
3 7 0
3 9 93
4 5 0
4 12 138
5 11 0
5 10 216
6 8 112
7 19 156
8 13 76
9 18 67
10 17 0
10 27 102
11 16 54
12 15 0
12 14 82
13 26 0
13 27 135
14 20 0
14 27 141
15 25 0
15 27 82
16 24 0
16 27 113
17 23 0
17 27 102
18 22 0
18 27 126
19 21 0
19 27 87
20 27 141
21 27 87
22 27 126
23 27 102
24 27 113
25 27 82
26 27 135

3 1 6 8 
1 3 
3 10 11 12 
1 4 
5 13 14 16 17 19 
7 21 23 25 27 29 31 33 
7 34 35 36 37 38 39 40 

0 0
1 0
3 0
0 39
0 54
2 54
2 28
2 39
4 76
4 67
4 102
4 54
4 82
5 135
5 141
5 82
5 113
5 102
5 126
5 87
6 141
6 87
6 126
6 102
6 113
6 82
6 135
99 99
