24 35 7 2

0 1 0
0 2 0
1 5 0
1 4 0
2 6 0
2 3 44
3 10 0
3 7 69
4 9 30
5 8 0
6 16 117
7 11 0
7 15 114
8 12 0
8 14 132
9 22 0
9 19 396
10 20 351
11 21 0
11 17 342
12 18 396
13 23 420
14 23 522
15 23 468
16 23 474
17 23 0
17 23 240
18 23 0
18 23 258
19 23 0
19 23 220
20 23 0
20 23 210
21 23 513
22 23 396

6 12 14 26 28 30 32 
1 1 
2 3 5 
2 7 8 
6 19 20 21 22 23 24 
4 9 10 16 17 
2 33 34 

1 0
2 0
2 13
3 39
3 26
5 0
5 13
0 57
0 66
5 44
5 39
4 57
4 66
4 70
4 87
4 78
4 79
0 120
0 129
0 110
0 105
6 57
6 44
99 99
