32 43 7 2

0 1 0
0 3 0
1 2 0
1 5 0
2 8 0
2 7 0
3 4 0
3 21 0
4 9 0
4 6 0
5 11 44
6 12 0
6 15 0
7 22 0
7 14 0
8 18 0
9 10 0
9 16 136
10 13 0
10 17 20
11 29 0
12 31 228
13 26 160
14 20 0
14 25 100
15 19 0
15 24 98
16 23 44
17 27 28
18 28 20
19 31 316
20 31 320
21 31 248
22 31 232
23 31 120
24 31 133
25 31 134
26 31 132
27 31 116
28 30 0
28 31 114
29 31 134
30 31 168

1 1 
2 3 9 
3 5 10 17 
5 19 24 26 41 42 
7 15 21 22 30 31 32 33 
6 34 35 36 37 38 40 
7 7 12 14 20 27 28 29 

0 0
1 0
2 0
6 40
1 40
2 17
6 57
6 58
4 0
2 40
3 40
6 75
4 57
4 40
3 80
3 79
6 98
6 94
6 92
4 79
4 80
4 62
4 58
5 120
5 133
5 134
5 132
5 116
5 114
3 97
3 114
99 99
