36 56 7 2

0 1 0
0 3 0
1 2 0
1 4 0
2 9 0
3 5 0
3 7 26
4 6 0
4 8 38
5 16 0
5 10 235
6 13 0
6 10 212
7 15 0
7 11 310
8 14 0
8 11 272
9 12 0
9 23 396
10 25 0
10 35 260
11 24 0
11 35 320
12 22 0
12 21 256
13 20 72
14 19 132
15 18 108
16 17 48
17 34 0
17 35 138
18 26 0
18 35 153
19 30 0
19 35 159
20 28 0
20 35 144
21 35 0
21 35 190
22 33 0
22 27 95
23 32 0
23 35 142
24 31 0
24 30 111
25 29 0
25 28 96
26 35 132
27 35 122
28 35 123
29 35 75
30 35 138
31 35 90
32 35 121
33 35 74
34 35 117

4 1 12 16 18 
2 6 8 
9 30 32 34 36 38 40 42 44 46 
3 3 10 14 
1 4 
9 47 48 49 50 51 52 53 54 55 
7 20 22 24 25 26 27 28 

0 0
3 0
4 0
1 47
1 53
3 47
0 53
3 62
0 68
0 99
6 100
6 115
6 99
6 53
6 68
6 62
6 47
2 142
2 157
2 163
2 148
2 194
2 99
2 146
2 115
2 100
5 157
5 147
5 148
5 100
5 163
5 115
5 146
5 99
5 142
99 99
