27 37 7 2

0 1 0
0 6 0
1 2 0
1 5 0
2 13 0
2 3 0
3 4 0
3 17 0
4 16 0
5 14 0
5 16 0
6 7 0
6 8 0
7 10 0
7 9 12
8 19 0
9 12 0
10 15 0
10 11 0
11 18 0
11 19 0
12 20 0
12 21 0
13 23 0
14 22 0
15 26 54
16 26 81
17 25 18
18 26 192
19 26 222
20 26 258
21 24 0
21 26 288
22 26 114
23 26 84
24 26 74
25 26 122

1 1 
3 5 10 14 
5 3 8 15 16 18 
4 7 12 20 22 
5 23 28 29 30 32 
4 33 34 35 36 
4 24 25 26 27 

0 0
2 0
1 0
3 11
2 11
1 12
3 20
1 20
2 25
2 31
2 20
3 32
3 43
4 0
6 12
6 20
6 23
6 16
4 32
4 37
4 43
4 48
5 68
5 53
5 48
5 72
99 99
