32 47 7 2

0 1 0
0 3 0
1 2 0
1 9 0
2 6 0
3 4 0
3 5 18
4 8 0
4 12 0
5 11 0
6 7 0
6 15 74
7 10 0
7 14 60
8 16 16
9 28 64
10 13 0
10 22 240
11 30 0
11 31 272
12 23 152
13 19 222
14 21 0
14 20 324
15 27 0
15 31 312
16 18 0
16 17 327
17 31 0
17 31 189
18 29 0
18 24 109
19 31 154
20 31 0
20 31 188
21 26 0
21 25 108
22 31 0
22 31 165
23 31 143
24 31 327
25 31 324
26 31 234
27 31 222
28 31 273
29 31 237
30 31 156

1 1 
10 3 6 11 29 31 32 34 36 38 39 
1 4 
4 21 23 25 27 
3 8 9 13 
5 14 15 17 19 20 
7 40 41 42 43 44 45 46 

0 0
1 0
2 0
1 18
4 18
4 48
1 74
4 74
5 18
5 30
5 74
5 82
5 52
3 74
3 108
3 104
3 109
1 189
1 109
1 154
1 188
1 108
1 165
1 143
6 139
6 138
6 108
6 104
6 121
6 109
6 82
99 99
