33 47 7 2

0 1 0
0 3 0
1 2 0
1 6 0
2 5 0
2 4 0
3 8 0
3 22 0
4 10 0
4 11 0
5 12 0
6 7 0
6 15 0
7 14 0
7 13 0
8 9 0
8 20 0
9 25 0
9 17 0
10 31 0
11 27 0
11 28 0
12 16 0
13 19 0
14 30 0
14 24 0
15 19 0
15 23 0
16 21 0
17 18 0
17 21 0
18 26 0
18 32 0
19 29 0
19 32 0
20 32 0
21 32 62
22 32 47
23 32 51
24 32 16
25 32 12
26 32 27
27 32 23
28 32 38
29 32 36
30 32 1
31 32 3

7 18 19 21 22 23 25 27 
1 3 
2 14 16 
2 1 28 
6 7 9 10 12 30 34 
3 5 32 35 
11 36 37 38 39 40 41 42 43 44 45 46 

3 0
1 0
5 0
4 67
4 43
4 0
4 56
2 56
2 67
0 67
0 43
0 78
0 35
0 76
0 56
0 91
3 50
4 82
5 82
4 91
5 87
6 117
6 102
6 106
6 71
6 67
6 82
6 78
6 93
6 91
6 56
6 58
99 99
