31 48 7 2

0 1 0
0 6 0
1 2 0
1 3 0
2 5 0
3 4 0
3 19 0
4 8 0
4 15 0
5 10 0
5 11 0
6 7 0
6 14 0
7 13 0
7 12 0
8 9 0
9 18 0
9 23 0
10 16 0
11 21 0
11 22 0
12 25 0
12 24 0
13 17 0
14 27 0
14 20 0
15 29 0
15 28 0
16 30 0
17 30 0
18 30 0
19 30 0
19 30 0
20 26 0
20 30 0
21 30 0
22 30 12
23 30 10
24 30 18
25 30 6
26 30 0
26 30 90
27 30 0
27 30 78
28 30 0
28 30 82
29 30 0
29 30 70

3 8 10 12 
1 3 
7 17 18 20 22 23 25 27 
2 1 28 
4 14 15 32 34 
4 4 6 29 30 
9 35 36 37 38 39 41 43 45 47 

3 0
1 0
5 0
5 95
0 95
0 60
0 99
4 99
4 95
2 108
2 60
2 109
2 112
2 99
2 148
2 144
3 66
5 105
5 108
4 155
4 154
6 109
6 115
6 114
6 118
6 112
6 154
6 148
6 150
6 144
99 99
