24 35 7 2

0 1 0
0 7 0
1 2 0
1 4 0
2 3 0
2 19 0
3 9 0
4 5 0
4 6 0
5 15 42
6 10 0
6 8 35
7 14 72
8 13 0
8 23 228
9 20 0
9 12 135
10 11 114
11 22 0
11 23 176
12 21 0
12 23 190
13 18 0
13 23 152
14 17 0
14 23 148
15 16 0
15 23 128
16 23 128
17 23 148
18 23 152
19 23 100
20 23 90
21 23 190
22 23 176

1 3 
6 5 9 12 14 16 17 
2 1 8 
1 6 
1 11 
5 19 21 23 25 27 
7 28 29 30 31 32 33 34 

2 0
0 0
1 0
3 0
2 14
1 14
4 38
1 24
1 76
1 45
1 38
5 88
5 95
5 76
5 74
5 64
6 64
6 74
6 76
6 50
6 45
6 95
6 88
99 99
