25 38 7 2

0 1 0
0 5 0
1 2 0
1 3 0
2 4 0
3 12 0
4 7 56
5 6 0
5 7 56
6 8 0
6 9 95
7 11 0
7 20 0
8 10 0
8 21 0
9 16 0
9 14 72
10 13 0
10 19 175
11 18 0
11 24 215
12 15 145
13 24 175
14 24 0
15 24 0
15 24 0
16 17 0
16 24 280
17 24 280
18 24 215
19 24 0
19 24 12
20 23 0
20 24 415
21 22 0
21 24 375
22 24 375
23 24 415

3 4 5 8 
2 1 6 
2 3 10 
6 18 20 21 27 33 35 
3 12 14 16 
5 22 28 29 36 37 
3 23 25 31 

1 0
2 0
0 0
0 21
1 8
0 35
2 35
4 43
4 35
4 56
3 35
3 43
3 29
5 35
6 96
6 115
3 56
5 56
5 43
6 121
3 83
3 75
5 75
5 83
99 99
