38 55 7 2

0 1 0
0 8 0
1 2 0
1 7 0
2 3 0
2 4 0
3 6 0
4 5 0
4 11 0
5 10 0
6 12 0
6 9 0
7 13 0
7 17 0
8 14 0
8 18 0
9 27 0
10 27 0
11 28 0
11 27 0
12 21 0
13 16 0
13 26 0
14 15 0
14 25 0
15 20 0
16 19 0
17 22 0
17 33 0
18 23 0
18 34 0
19 29 0
19 33 0
20 30 0
20 34 0
21 24 0
21 31 0
22 37 0
23 37 0
24 32 0
24 37 0
25 36 0
25 37 0
26 35 0
26 37 0
27 37 0
28 37 0
29 37 0
30 37 0
31 37 0
32 37 48
33 37 0
34 37 0
35 37 0
36 37 0

1 1 
3 6 8 17 
2 3 20 
6 5 16 25 26 28 30 
10 9 11 13 15 19 32 34 36 42 44 
7 22 24 37 38 45 46 50 
8 40 47 48 49 51 52 53 54 

0 0
2 0
3 0
1 0
1 60
4 60
4 52
4 82
4 86
3 68
1 76
4 112
2 52
5 82
5 86
3 86
3 82
3 98
3 102
4 142
4 146
4 134
5 98
5 102
6 134
4 172
4 168
5 128
5 112
6 142
6 146
6 150
5 134
6 158
6 162
6 168
6 172
99 99
