 400
   31 12069     1
   79 21741     3
   17 14073     6
   21 16599     9
   34 16186     9
   71  8450     1
   18 21651     6
    4 10785     1
    7 21419    10
   33 16866     2
   85 24286     8
   60 13686     4
    5 25245     7
   52 22360     1
   23 16063     2
   56 21419     5
   96  7844     3
   53  7713     3
   16 16270     7
   57 21643     8
  100 24553     2
   36 21663     7
    4  7743     5
   61 13207     3
   46  6388     6
   90 11404     8
    3 17106     6
   47 14402     7
   41 17558     5
   21 19347     2
   35 10212     6
   71 23671     6
   99 15277     5
   51 18329     2
   92 14459     4
   33 25507     4
   22 20824     2
   10 10300     9
   37 10482     4
   28 16433     2
   42 21211    10
   21  8958     1
   88 24163     5
   47 20646     7
   72 25362     2
   10 14415     6
    3 16254     1
   68  7396     4
   63 16173     8
   18  6713     8
   24 23084     2
   62 14916    10
   54 22421     4
   28 24871     6
   22 22168     3
   99 22853    10
   18 10465     4
   25 13463     8
   45 11445     6
   58 22067     8
   45  6999     9
   79 15702     2
   29 19928     3
   44 16320     4
   29  8220     3
   21  8577     7
   76 16017     7
   50 23089     4
   31 12921     5
   13 20544     1
   78 13712     6
   73  8322     5
   33 23546     2
   65 12064    10
   19 23012     1
    5 23097     3
   75 20524     5
   21 13455     1
   72 24538     7
   37 10887     3
   39 14213     8
   96 21811     8
   99 19848     3
   92 10823     1
   24 20872     4
   20 16205     5
   90  7865     1
   41 25381     7
   45 23712     3
   35 13355     6
   99 21637     5
   89 24755     2
   13 23101     7
   27 15755     8
   33 15265     5
   42 25366    10
   48 18376     4
    8 25326     1
   91 22644     4
   78 25342     9
   20 20059     1
   69 10545     9
   50  7853     3
   53 17794     2
   33 16654     8
   69 24909     3
   57 15081     5
    8 11368     3
   90 12554     4
   29 13809     1
   44 16299     5
   28 20812     2
   24  9809     9
   42 10336     8
   20 25679     2
   48 24725     3
   62 20586     2
   10  7734     3
   88 24296    10
    6 18487     5
   44 15133     8
   86 20122     5
   95 17432     6
   57 12423     5
   13 10067     2
   27  6887    10
   98 11978     4
   61 22487     6
   35  6402     1
   89  8812     7
   38 22019     4
   55 20506     1
   57 13402     5
   88 23916     6
    7 12490     3
   90 24100     3
   57 23015     9
   64 21615     7
   97  9657     5
   46  9758     2
   92  9613     8
   41 20001    10
   73 24614     3
   16 13467     7
   82 24382     7
   93 24483     5
   63 12382     9
   44 19157     9
    2  6406     7
   51 10867     8
   49 11834     3
   45 15584     5
   36 25034     2
   44 23310     8
    1 22052     9
   49  9290     4
   70 24242     8
   98  8220     3
    9  5967     9
    5 24688     8
   87 11077     9
   47 22030     3
   59 19384     9
   44 18523     4
   35 20135     9
   65  6063     2
   33 16813     6
   91 17340     7
   28 21723     8
   30 20515    10
   37 21142     9
   20 25380     6
   71 14705    10
   10 19945     1
   35 13037     2
   52 13276     6
    2 18618     6
   98 19463    10
   96  6622     4
    3 19069     3
   48 24374     8
   45 12501     6
   47  8842     7
   84 23598    10
   88 10001     4
   48 24939     5
   32  7077     3
   58  8432     1
   46  7349     7
   41  7089     2
   62  7309     9
   32 12470     6
   88 23163     5
   20 20738     7
   75 25038     9
   23 17488     3
   84 20845     8
    8 16040     5
   14  9017    10
   12 16757     6
   38 10744     4
   50 24204     9
   31 16327     2
    8 19494     3
   59 18339    10
   66 23408     4
   60  6960     9
   60 11146     5
   63 17061     3
   55  7627     3
   62 24259     7
   10 15625     1
   99 14172     9
    9  7291     3
   93 13412    10
   86 18217     2
   56  6420     8
   25 14534     3
   43 20693     3
    1  7813     5
   66 15667     5
    5 22047     2
   33 14328    10
   54 13020     9
   24 16974     9
    7 13556     9
   76 24553     2
    8 12009     7
   15 23641     3
   89  7760     2
   20 22810     3
   52  8574     7
   38  6153    10
   51 13327     4
   60 22113    10
   97 18536     9
   16 10924     7
   19 23117     8
   56 23727     4
   79 22030    10
   73 24788    10
   18 22175    10
   88 11844     1
   72 13149     9
   26 23510     3
   81 19301     1
   58 25411    10
   82 23974     1
    6  8024     3
  100 20293     3
   82  5977     5
   72 17736     8
    5 16530     4
   14 14350     4
   25 24801     7
   28  7693     2
   21 21950     2
  100 23544     8
   36 13747     9
   35 19780     5
   89 25348    10
   55 10746     1
   87 22399     1
   27 25546     9
    5 18118     4
   46 18701    10
   23 18272     8
   21 23087     1
   65 16008     7
   79 16188     1
   99 19306    10
   38 14985     7
   96 12553     1
   87 25194    10
    9 22179     5
   22 10253     4
   67 18685    10
   66 21779     5
    3  8417     4
   73 20753     3
   66 16262     8
   85  8438     8
   44 12679    10
   70  6981     2
   98 16832     2
   69 11670     6
   98  8719     3
   19 12971     4
   69  9403     4
   33 16510     2
   54  6941     8
   57  8940     4
   88 21301     2
   40 23384     8
   83  8675     3
   92 13608     6
   86 16274     7
    5 20992    10
   12 10884     6
   51  6472     4
   84 11369     1
   11 24234     5
   88 15501     1
   79 17966     1
   97 23618     5
   97 11870     6
  100 22263     4
   64 16492     5
   62  7839     1
    3 24725     7
   36 11435     8
   28 18145     8
   87  7352     5
   80 18159     7
   97 19171     9
   84 18229     6
   48 23873     3
   95 21935     2
    3 25245     9
   16  7465     7
   28 12634     3
   56  6375     6
   73 10449    10
   15  8125     4
   96 23804     4
   55 13169     2
    7 15777     9
   81 14268     1
   60  8351     2
   18 20706     4
   32 14784     5
   43 13764     2
   28 19129     9
   19 24330     5
   22 25775     3
   25 16937     4
   15 10389     1
   22 22228     7
   88  7619     9
   77 12272     1
   24 21142     4
   24 13098     6
    4 24462     8
   10 22539     8
    3 25301     3
    1 17823     6
   94 14958     4
   51 23364     6
   96 13947     7
   96 14392     2
   67 24873     2
   23 20625    10
   51 14812     8
   39  9512     2
   37 22794     3
   46 12805     2
   94 16726     4
   43 12761     2
   27 21117     2
   54 19121     5
   61  7656     6
   59 10090     6
   96  7075     7
   89 20830     5
   77  8609     1
   18  7040     9
   13 11956     8
   92 13043     1
   39 23313     6
  100 13620     7
   69 19359     1
   62 18645     9
   23 20763     2
   73 18011     9
   72 15373     7
   26 20254     4
   73 10023     4
   66 24375    10
   76 17807     9
   68 18014     1
   62 12957     2
   43 16869     1
   91 12829     1
   12 21813    10
   81 20425     2
   27  9813     3
   58  8808     1
   75 11341     6
   70 16619     5
   85 23969     2
   28 24506    10
   30 18319    10
   43  8249     8
   24 25626     6
   19 13338     4
   20 10902     9
   41  6855     5
   31 19339     2
   12 17989     9
   79 24212     1
