 400
   44  6493    10
   82  8898    10
   22  9298     6
   95  8280     5
   64  9667     9
   99  6978     5
   21  7209    10
   10  9121     9
   94  8324     6
   48  9050     6
   46  9373     8
   20  8878     7
   90  7413     7
   59  9872     6
   46  6994    10
  100  6166     1
   97  6486     2
    9  8620     3
   20  7007     5
   22  8054     4
   78  7746     7
   62  9170     7
   24  8879    10
   95  7626     3
    5  9284     5
   89  8838     2
  100  8233     1
   79  9229     2
   19  6724     9
   91  6459     2
   26  8880     6
   63  7197     9
   73  9336     1
   48  8142     2
   57  9456     3
   36  8967    10
   46  9100     7
   77  6630     2
   46  8053     8
   40  7388     3
   24  9659     8
   91  7390     6
   60  6230     9
   14  7036     4
   49  7226     1
    5  7204     8
   14  7181     4
   46  7692     2
   14  9803     1
   33  8167     9
   67  9725     6
   91  7513     8
   95  7302     5
   91  8569     5
   85  9119     1
   99  6550     9
   80  7372     6
   85  7316     1
   78  9759     1
   98  8075     4
   75  7754     2
    4  8603     6
   61  9251     2
   47  7054     3
   51  6710     8
   17  8672     5
   83 10001     2
   96  9789     5
   94  9282     7
   28  8019     9
   36  7142     7
   18  8906     4
   19  9388     4
   95  7352     6
   32  9922     8
   68  6579     5
   99  8535     4
   45  7067     1
   13  8251     7
   12  8302     5
   77  9214    10
   80  7941     2
    2  9795     2
   71  6481     4
   70  6474     6
   87  8878     2
   70  7010     3
   49  7825     2
   71  6159     3
   47  6733     3
   47  9880     6
   46  7892     4
   50  9316     9
    7  9096     8
   93  8926     7
    1 10006     7
   23  7733     2
   76  8892     8
   97  9760     2
   17  6980     8
    3  6876     6
   32  6866     9
   34  9865     1
   22  6228    10
   26  8198     4
   65  9751     8
   89  6787     4
   25  6697     8
    9  6783     9
    1  9017     1
   36  8979     2
   86  9977     8
   81  6923     2
   38  8738     4
   56  6422     2
   50  7376     8
   25  7581     5
   25  7411     5
   98  9181     9
   96  7719     8
   72  8124     7
   44  9026     4
   42  9591     2
   22  7405     5
   51  8087     1
   34  8481     8
   22  7375     2
   73  9799     2
    9  7338     5
   18  7100     3
   90  6743    10
   12  8193     1
   50  7945     1
   23  6573    10
   33  8401    10
   75  6107     5
   88  6288     8
   21  9168     4
   99  6784     2
   97  7050     7
   22  8150     4
   35  9742     3
   82  6991     5
    2  9052     6
   73  8445     6
   38  7393     7
   52  6393     3
   97 10005     1
   63  8784     1
   49  9553     1
   93  7688     9
   35  6873     7
   93  8544     4
   34  7244    10
   57  8257     2
   43  6595     5
   68  9704     7
   78  9612     4
   16  6359     6
   77  7007     2
   96  6676     6
    5  7081     5
   88  9180     2
   46  8601     7
   28  7633     5
   21  7545     2
   20  8688     1
   16  7901     3
   42  6677     6
   19  9451     2
   13  8931    10
   63  8806     9
   54  9158     5
   94  9902     4
   65  7822     5
   26  7568     1
   32  7259    10
   16  8195     7
   23  7538     2
   95 10022     1
   65  7712     8
   15  9206    10
   29  6859     8
   58  6221     2
   49  6414     9
   85  9096     9
    1  6795     6
   16  6083     6
   63  8672     3
   17  7133     2
   92  7069     8
   59  9328     9
   22  8194     7
   80  6213     9
    4  7893     5
   49  9807     1
  100  7738    10
   24  6546     5
   65  7672     4
   41  8394     6
   43  9977     7
   77  6568     3
    3  7165     5
   96  9100     2
   71  6434     7
   68  8967     9
   22  6632     2
    2  7672     6
   84  7126     6
   44  8150     4
   96  7659     7
   48  8818     4
   59  7320     3
   24  8497     4
    6  9018     5
    7  7713     2
    9  7558     3
    6  9793     1
   23  7775     8
   71  6194     5
   23  6891     2
   14  8824     5
   30  9502     3
   44  9065     8
   93  9017     3
   33  7360     7
   93  8836     9
   92  6719     3
   57  7885     2
   57  6473     2
   33  9093     8
   99  7826     9
   33  7020     5
   36  6223     2
   95  6890    10
    3  7434     1
    3  9170     1
   16  7502     2
    4  9086     7
   86  6260     6
   60  9631     5
  100  6709     3
   34  9058     9
   18  6915     7
   24  9186     6
   39  8041     4
   25  8608     9
   32  6708     8
   45  7799     4
   47  6348     6
    3  6882     2
   67  8669     5
   61  9152    10
   32  6348     4
   11  7699     3
   53  8133     3
   65  7687     1
    3  6500     1
   45  8832     6
   21  9552     3
   59  6952     3
   78  7890     4
   20  7342     1
   91  7952     8
   13  8092     6
   14  8212    10
   93  9365     8
   15  7227     7
   29  9694     2
   97  8416     4
    1  7466     2
   88  9289     6
   96  9104     7
   35  6489     1
    6  6169     3
   20  8254     2
   74  8509     5
   30  8757     1
   51  8942     9
   18  6272     8
   76  9084     7
   54  9803     1
   85  8921     3
   36  8200     7
   86  6116     5
   95  6584     6
   89  6298    10
   50  7782     6
   98  7063     7
   34  9110     5
   71  7299     8
   56  7995    10
   11  6964     9
   90  8620     8
   46  9927     7
   24  9036     4
    3  6797     8
   39  9257     4
   39  6227    10
   31  6455     9
   36  7637     8
   39  7673     2
   19  9724     4
   31  6705     4
   74  8141     3
   24  9873     6
   50  8939     6
   47  6614     7
   53  8594     7
    1  7845     5
   64  6866     5
   29  7643     4
   55  7613     5
   49  9766     8
   64  9823    10
   40  7708    10
   44  6315     4
   53  6085     9
   89  9470     5
   41  7357    10
   87  9174     4
   60  6733     2
   97  9332     9
   98  6103     2
   49  9333    10
   43  9223     5
   21  9118     6
   51  6094     7
   81  8444     9
   59  9324     6
   82  6529     5
   17  6045     7
   97  6961     8
  100  6218     9
   47  6729     1
   70  9081     1
   23  6055     5
   97  9648     6
   17  9675     8
   76  8629     1
   98  7457     1
   81  6505     2
    4  6236     4
   52  9050     5
   29  6236    10
   68  6024     4
   92  6722     5
   73  6530     3
   20  6089     2
   81  6156     9
   14  7867     3
    7  9243     6
   40  6869     1
   10  7163     1
    4  9325     7
   88  6166    10
   53  6350     6
   24  8407     3
   38  6240     6
   33  8774     5
   82  7696     9
   19  6749     1
   49  8798     1
   79  8637     6
   19  6946     9
   96  9507     2
   49  7683     6
   41  6981     3
   93  9119     7
   65  7322     3
   16  9589     4
   91  6541     8
   45  7807     5
   20  9805     7
   43  9570     3
   74  8022     5
   87  9808    10
   34  6257     7
   46  8531     7
    7  9876     2
   14  6393     6
   60  6363     9
   13  9083     7
   54  7241     6
   69  7505    10
   16  8373     4
   41  7387     6
   21  7835     5
   40  6744     7
   79  7607     1
   54  6573     9
   21  8420     5
   98  8335     2
    3  9350    10
   99  7021    10
   16  9261    10
   99  8822     1
   48  8683     6
   56  6206     3
   92  7906     8
