 400
   53  6890    10
   95 14582     6
   17 17409     9
   77 14643     3
   78 17136     2
   67 15744     5
   86 19995     5
   13 19826     4
   43 12331    10
   13  7601     6
   44 15749     8
  100  5996     6
   50 19090     7
   80 10047     6
   82 10245     1
   30 14530     8
   80 10656     8
   43  7049     6
   28  8470     5
   46  4681     3
   30  7677    10
   15 13756     6
    8 20076     1
    7 19551     5
   68 15149     2
   10  6293     4
   91  6520     3
   48 16837     9
   19 12014     5
   66 15062     8
   87 17248     3
   72 14800     5
   61  9114     3
    3 14127     1
   49  8913     7
   38  5721     5
   70  9341     5
   34  8379     1
   51  5017     9
   12 17568     5
   47 11875     6
   94 16662     6
   11 19460    10
   96 10436     2
   74  6180     1
   92  9175     1
   25  4437     9
   54 12731     8
   34 12120     6
   53  8802     4
  100 13307     1
   64 15692     5
   67 18454    10
    7 12854     1
   71 14714     9
   35 13074     1
   17 15042     5
   61 17129     2
   83  9381    10
   36  6526    10
   27 11662     9
   69  6100     2
    7 17222     4
   87 16671     2
   72 16123     2
   56  5605    10
   25 18287     6
   41  4934     7
   89  9880     1
   75 19200     4
   52 18398     1
   35 17650     6
   69 15332     9
   62 17328     1
   31  7557     7
   43 17407    10
   54  5974     1
   55  7889     6
   96  9609     8
   88 13989     7
    7 12586    10
   95 18811     8
   51  9151     1
   74 10511     9
    2 11135     9
   21 19760    10
    8 19480     9
   19  5648     3
   82 16360     2
   90  8332     8
   54  8070     3
    8  7492     1
   59 10327     9
   61  4762     6
   95 20059     2
   30  5920     1
   16  6263     6
   19 17817     7
   70  6750     8
    5 12038     6
   94 16488    10
   21  4618     9
   39  9159     1
   62 11291     9
   83 17842    10
   69 12611     8
    5  8168     8
   36 19711    10
   24 16395     4
  100 13673     5
   24 13171     6
   30  8452     3
   95 11955     3
   74 18217     7
    4 14858     1
   97 18986     2
   95 17448     7
   11 13808    10
   15 20529     5
   76 13279     8
  100 18035     7
   69  8069     7
   84 16666     8
   59  7833     6
   29  8727     3
   78 16196    10
   88  9648     7
   45 10885     8
   97 13484     6
   57 12293     5
   49 18818     4
   91  9442     6
   78 12807     3
   88  7447     5
   53 16628     4
   60 10120     2
   56 15953     2
   57  4267     2
   96  9302     2
   80 11819     6
   56 13835     7
   19 18368     8
   10 16166     8
   51  5260    10
   93 16055     5
   13 10495     9
   47 20141     1
   88 12974     1
   23 20198     8
   61 20141     5
   63  5723     9
   23 17704     5
   29  7681     2
   47 18285     7
   81  5007     1
   58 12303     4
   25 13952     6
   68 10550     8
    3 19083     2
   22  6906     2
   25 18739     2
   51 17371     5
   12 12243     7
    2 11017     4
   38  4289     9
   64  8341     1
   62 17032     6
   94 16138     1
   20  8504     3
   58  5804     8
   73  7428     6
   76 18234     9
   77 20067     5
   82 19489     3
   26 19390     8
   69 15593     9
   95  9454     2
   72 19002     8
   56  8038    10
   17  9123     9
   33 18613     3
   19  9656     9
   40  6297     4
   62  5764     4
   66  7412     5
   20  7199     5
   19 13962     7
   90 17259     1
   88 13645     2
   22 12516     8
   12 20060     2
   12 11854     3
   72  9358     3
   23 11774     9
   13 18767     7
   10  9542     1
   87 16011     9
   75 15269     2
    3  5151     1
    6 20410     1
   32 16969     9
   76  8474     6
   82 18115    10
    8 16506     4
   58  7434     9
    7 16975     8
   77 11570     3
   52 12784    10
   79 15447     5
   32 15503     3
   69 17802     9
   11 13530     8
   51  4629     1
    8 19995     3
   73 15190     2
   16  7937     6
   27  6665     7
   92  8622     8
    6  4666     6
   15 16205     8
   13 17033     6
   17  4196     8
   26  7530    10
   84  5861     9
   40 11865     6
   39  5767     6
   93 11299     9
   26  7347     5
   13 16932     8
   96 12345     9
   32  7227     6
   45 13371     7
   72 16714     5
   13  4812     5
   52  9348    10
   30 20044     3
   20 17682     2
   28 16813     3
   82 12298     3
   98 12600     7
   60 11786     5
   50  9570     1
    9  5600     5
   11 12311     5
   58  9036     4
   81 16686     6
   26 16143    10
   85 11596    10
   72  4778     4
   32 16705     6
   99  7272     7
   84 17707    10
   48 16797     4
   24 10697     6
   68 19464     8
   88  8133     9
   62 12360     2
   61 10233     6
   13 11375     4
   75  8762     9
   57 18473     5
   44 14497    10
   19 18029     5
   29 14658    10
   57 15204     5
   71  6847     5
   58 14172     3
   76 12357     7
   99 19555     7
   40  5940     5
   74  4427     4
   59 10812     1
   90 11406     6
   83  5923     8
   69 19018     5
   47 16338     9
   63 18504     4
   95 14632     5
   31  7404     8
   35 19178     7
   26 10807     1
   30 10572     5
   19 16355     6
   74  7075     4
   53 17164    10
   87 15289     4
   61 11103     3
   15  8995     2
   47  4993    10
   74 18373     6
   90 13653    10
    4 19362     5
   18 12340     6
    9 11152     4
   32 13491     4
   74  7015    10
   79 13894     9
   90  7133     6
   49 15267     6
   77 12919     5
   30  8969     1
   23 15590     9
   35 19627     5
   19 16271     6
    5 17409     7
    4 18116    10
   65 12079     5
   67 15384    10
   98 12218     4
   96 15379     3
    2 14032     6
   24 18921     5
   26  5421     7
   21  9858     2
   98  5466     8
   79 18481     7
    7  4618     5
   58 12465    10
   93  6947     8
   54  5506     5
   32 10308     6
   83 16495     7
   57  4339     9
   49 18543     1
   91  7117     1
   89 13725     2
   22  5028     1
   69 16907     9
   79 16753     8
   71 16191     6
   46  9297     3
    8  5193     8
   93 11252     5
   80  8394     8
   26 17360     4
   97  8131     2
   83  5980     7
   91  8909     9
   64 19410     1
   81 14094     1
   87 20184     1
   66 12913     7
    4 12486     5
   12  5076     7
   86 18667     8
    1 13848     3
   90 19453     4
   92 19180     3
   59  5783     2
   83  5870     1
   46  4157     8
   91 11986     8
   65 18261     8
    3  4391     6
   39  9999     9
   55  4849     8
   91 14011     8
   60 10923     9
   24 17651     7
   70 10235     5
   31  6585     5
   69  6418    10
   77 11323     3
   23 13732    10
   49 10707     7
    2  8153     7
   19 17759     1
   32 12583     4
   93 12958     5
   83 16640     2
   12  6147     4
   79 12613     6
   48  9024     8
   16 14528     9
   90 13585     2
   33  7161     6
   17  7846     1
   80 12508     6
   25  5811     9
   76  9524     3
   62 14274     6
   70  5864     6
   66 17406     1
   26 12005     3
   73  6150     1
    4  6876     9
   81 12749     1
   64 16056     8
   64 13694     8
    4  9870     8
   33  5762     3
   94 16175     3
   73 12184     7
    9 12980     6
   17  9378     3
   21 18787     4
   11 17029     2
   35  6608     4
   53 10840     7
    3  9458     6
