 400
   44 11397     3
   55 10890     7
   26 13246    10
   36 10477     3
   57 12708     2
   32  3948     4
   85  5473     6
   52 10669     3
   55 14739    10
   31  9986     6
   49  8368     1
   64  5854    10
   17  8842     5
   85  5435     8
   89 13393     9
   83 14101    10
   72 14216     4
   70  6489     9
   88  8534     1
    3 12471    10
   10  6544     1
    2 14251    10
   44 10133     1
   77  5733     4
   26 13810    10
   25 14226     7
   14 14417     2
   99 13641     1
   66  6917     5
   35  5336     5
   76 13092    10
   10  3562     8
   89 14119     1
    1 11586    10
   45 11932    10
   46 12075     3
   32 13427     3
   29  2654     6
   98  7993     6
   87 13415     3
   60 10534     1
   46 14255     6
   50  4517     3
   76  4625     5
   31  4939     4
   39  3158     1
   58  3974     5
    3  4403     8
    8  7540    10
   45 10402     6
    5  2123     7
   17 11978     1
   47  9902     5
   49 10150     7
   94  2959     5
   72  8960     4
   73  9624     3
    8  2624     6
   70  7849     5
   39 14434     8
   43  5854    10
   45  6189     5
   48  3245     5
   31  5221     1
   46  3024     4
   93 13070     5
   77  2545     4
   78 14345     7
   21 13618    10
   74  8432     9
   64 13008    10
   81  9400    10
   19  7936     4
   14  2774     2
   56 11919     5
   50 10768     8
   52  3825     3
   13 13786    10
   52 13065     5
   59  9259     2
   58  9436     5
   57 13081     1
   76  6485     2
    4  4586    10
    5  8479     8
   70  7338     6
   76 11440     4
   77  3351     1
   77  7856     2
   45  4538     9
   16  3034     8
   19 11603     2
   90  8620     3
   63  4172     3
   50 14718     3
   36  9538     7
   55  2491     7
   27  2512     6
   13  9131     4
   76 14002     7
  100  8837     4
   76  7388     3
   56  8651     7
   19 14666     8
   90  8055     5
   12  5819     2
   68 10683     5
   41  9774     7
   25  4853     1
   19  8996    10
  100  4281     8
   82 12183     6
   76  7325     1
   76  8660    10
   86 14663     6
   80 13698     9
   46 13891     5
   61 11351    10
   57  2298     9
   22  6995     6
    5 13782     9
   72  3225     6
   41  3847     7
   95  7651     1
   35  5291     9
   91  3813     9
   30  2437     8
   90  5675     6
   17  4218     5
   42  9462     1
   66  4926     2
   17 10949     8
   18 14744     4
   22 11471     9
   35 10864     5
    8  8048     8
   33  2538    10
    3  6795    10
   48  3070     4
   57  5285     1
   22 13685    10
   48  5244     2
   39  2716     7
   97  6259    10
   24 11797     1
   24  2627     2
   76  5205     8
   69 10937     6
   84 11872     2
   32  5396     6
   91  3181     1
   89 10903    10
    4  6515     2
   32  4922     8
   84  3802     1
   38  9699    10
   22  6628     7
   13  4133     9
   27 13268     5
   39  8740     1
   55 11489     9
   93  3443     7
   55  4938     9
   73 11482     3
   14 12807     5
   90 13695     3
   80  4778    10
   46 13239     5
   92  5739     3
   28  5741     4
    3  3772     6
   14  4673     2
   76  8879     5
   42  4382     2
   10  8825     1
   99  5925     5
   65  4902     4
   85 11924     9
   67  2110    10
   48 14668     5
   17  2569     5
   58  3185     1
   37 10819     4
   20  6977     7
   89  6000     9
   20 12515     5
   58 14570     6
   11 10522     6
   33 14541     3
   85 13086     1
   50  4511     7
   87 11279     2
   77 14423     8
    5  7342     5
   60  8009     4
   90 12478     3
   94  6286     8
   39 10680     3
   36 10965     7
   86  9918    10
   67 14315     7
   39 12631     2
   99 12484     1
   42  8442     1
   80  2261     4
    8  6558     2
   41 12260     6
   44  5057     7
   93  3730     1
    7 12264     6
   92  4973     2
   10  4192     6
   65 13342     6
   29 13686     5
   29  9063     2
   53  4591     5
   48 11449    10
   86  8881     8
   63 13006     1
   80 11239     2
   71  7216     8
   12  2766     7
   67  7766     3
   47  6887     6
   16  8001     2
   27 13669     7
   37  4614     8
   10 12181     9
   65  9598    10
   72 13473     4
   96  7347     8
   32  9161     6
   11 11352     6
   95  5080     9
   73  2852     6
   90 11506    10
    2  9532     1
   13 13005     1
   34 14457     6
   95 11155     1
   20 10518     6
   26  4678     7
    4 13241     6
   84  9109     2
   54  3613     2
   33  7552     8
   37 11593     7
    2 12955     1
   19 14327     5
  100  9848     7
   82  9442     3
   89  6791     3
   12 10507     4
   49  2457     6
   36 11572     8
   27  3757     5
   75 14020     2
   72 14079     5
   37 13831     3
   40  8866     1
   43 12800     9
   32  6427     1
   71  3276     6
   54  9401     5
   26  9401    10
   43  4021     2
   43  6156     4
   28  4181    10
   56  2275     2
   77  5861    10
   23 13230     1
   75 10686     8
    2  8433     6
   27 11720     7
   59  5043    10
   56  9939     8
   60  4521     4
   95 14530     7
   57  8143     8
   78  4096     9
   95  9627     4
   38  2833     1
   67  8781     1
    6  5382     7
   87  3184     6
    2  5602     9
   33  7033     1
   61  2452     7
   73  4929     3
   69  6113     4
  100  9212     7
   16  2978     2
    1 10433     4
   71 10381     3
   69 10272     7
   27  5083     3
   14 12296     4
   12 14321    10
   55  7158     3
   69 12464     6
   88  5431    10
   78  5637     3
   44  8399     3
   89 11757     5
    4  2605     9
    3 11335     3
   44  6945     2
   63  5019     3
   98 11114    10
    1 12981    10
   41  7009     1
   92  5989     3
   39 13708     1
    7 13684     2
   97  9265     9
   25  2140     6
    8  4534    10
   29 14192    10
   86  2486     3
   81  7357     3
   98  5553     3
   86  9592     9
   96  8228     4
   98 13880     7
   56  5222     2
   64  3749     1
   25  4211    10
   70  2766     5
   75  3318     1
   79  9263     2
   39 13123    10
   63  6643    10
   56 12793     5
   82  6771     3
   51  3648     5
   59 13291     4
   85  3355     5
   95  8487     7
   22  3559     6
   82 12362     4
   96  6716     6
   62  8461     7
   74  3600     7
   35  5672     7
   68  7394     8
   70 10758     5
   59  5706     2
   76  9821     7
   98 10198     5
   45  6085     4
   56  2426     9
   95 13645     8
   30 13571     3
   51  8548     3
   93 12773     4
   86  4041     4
   15 10190     4
   17  2233     4
   56  4700     8
   90 11402     4
   96  9389     6
   94  3072     7
   52  3293     3
   51  7430    10
   76  7736    10
    3  4835     7
   10  5970     3
   60  8984     4
   97 11215     4
   32  7423     9
   42  6595     8
   93  3179     9
   93 13778     5
   15  8088     5
   27  6745     5
   61  6420     2
   84  4095     9
   86 10344     7
   36 14134     9
   82 12187     4
   30 14323     1
   91 14454     8
   77 11080     1
   60 13142     3
   42  8250     1
   70  9102     5
   46  2431     6
   56  3689     4
   87  9229     8
    1  5025     4
   46 12984     7
   82  3866     3
   94  5991     1
   97 14170    10
   33  9190     3
   69 11621    10
   99  4253     7
   43 13054     5
   29  5854     4
   96 13361    10
