 400
   88 14076    10
   64 12350     7
   96 14108     5
   44 15842     8
   61  6914     1
   34  7881     4
   24 12310     1
   37 12924     7
   86 19808    10
   50 18058     7
   82 16784     8
   46 17583     6
   96  5463     8
   32  7350     3
   77  8848     1
   73  6528     2
   75 15245     6
   98 12625    10
   40  5059     5
   44  5621     2
   22  7740    10
   16 13286     6
   75  7346     8
   14 13076     3
   56 15917     4
   50  5394    10
   21 10959     1
   71 18728     3
   57  8266     1
   47 11624     6
   41 14948     1
   44 18164     1
   11 19796     3
   36  8161     6
   87 13111     8
   72  5815     3
   69 11865     9
   11  4527     9
    8 14562    10
   54 10778     9
   61 18407     6
   90 10451     7
  100  7466     5
   56 19692     4
   21 13624     9
   77 12137     6
   29  5325     5
   95  7974     5
   75 20584     5
   68  6207     9
   38  9418     7
   97  7429     4
   84 15315     4
   13 12587     4
   10 16328     7
   39 10338     8
   62 13803     4
   30  6392     8
    9  8171     1
   18 17891     4
   77 13838     3
   49 18941     2
   62 15161     4
   88 12740     5
   85  6208     7
   49  7378     2
   59 14378     8
   54 13895     6
   60  7727     1
   67  8045     7
    8 20495     5
   20  5239     6
   56 14319     4
    7  7066     9
   75 20754     9
   77  7049     3
   83 15026     4
    3  5185     4
   71 10846     7
   58 14715     9
   71  7215     2
    9 16086     3
   54 17967     3
   54 18353     6
   21  7778     7
   63 13400     9
   92  7796     4
   83 17404    10
   93 15615     6
    1 11790     4
    1 14401     4
   70  8559     9
   49  9836     5
   63  8667     8
   57 17121     3
   33 11867     2
   11 11867    10
   16 10604     1
   87  4867     7
   70 15417    10
   83 14471     8
   94  4468     1
   89 16479     6
   39  7896     1
  100  7357    10
   64 16338     5
   15 10767     3
   83 18205     3
   67 17346     8
   86 17435    10
   40 12025     2
   37 20383     9
   94 12627     2
   93  9098     4
   91 17841     5
   15 16228     9
   56 18320     2
   83  4742     8
   98 12737     8
   48 13040     8
   83 12354     2
   99  6243     1
   18 17422     6
   32 18013     7
   61 10733     9
   74 13648     9
   65  8985     9
   71 18423     8
   90 20074     9
   51  9675     6
   41 12945     7
   72 13651     6
   44  9965     7
   29  8529     3
   10 17370     7
   44 13145     6
   93 20690     7
   25  7242     9
   26 10455     9
   59 17141     4
   10 20500     8
   66 18303    10
   96 16629     3
    4 12232    10
   59  6506     3
   86 13575     7
   18  7565     8
   15 20648     5
   69 14140     5
   16 16125     6
   63 12794     2
   51  5600     6
   14 18190     6
   80  9321     7
   82 19435     3
   75  8029     5
   54 18792     5
   46  7526     1
   45  5557     2
   43 17972     4
   97 13023     6
   85 14325     8
   15 10728    10
   40 18811     2
   14 18676    10
   25  7203     6
   83 11061     8
    7 18471     6
   49 10268     4
    9 17339     6
   66 14718    10
   58  9873     2
   75 14747     5
   61 10452     2
   61 17928     2
   33 17075     8
   47 19850     9
   79  4598     9
   47 16829     2
   15 13095     3
   95 16546     4
   10  8729     3
   65 14517     9
    8 13842    10
   89 13873    10
   47 13058     1
   82 17693     4
   42 11770     5
   93 16407     2
   27 19073     5
   85  8847     8
   89  8536     8
   12 12503     3
  100 15398     7
   29  6452    10
   26 10285     3
   24 18424     3
   11 13336     7
   32  7861     9
   73  7798     6
   20  9780     2
   97 18402     8
   31 13494     8
   94 20349     7
   58  7959    10
   91 10527     9
   27 16530     4
    4  6914     8
   70 10948     8
   74 12464     5
   19 15832    10
   64  6599     1
   83 17016     8
   84  9455     9
   72 16263     1
   71  9994     7
   30 18336     9
   54 13062     5
   13 17587     1
   23 13848     1
   80 11240    10
   98  5540     9
   11 18206     8
   92 19565     2
   97 16761     6
   40 20480     7
   18  8955     4
   21 14291     8
   50 12922     3
   49 12639     3
   94 17911     4
   70 18524     5
   46 10146    10
   24 10510     1
   63 17978     2
    4 13928    10
   15 16859     9
   89 13614     5
    8 16664     7
   84  6913     7
   62  5183    10
   26 11602     7
   48  9334     7
   44 18022     8
    9 16879     5
   19  4703     8
   15  7122     5
   39 14320     4
   72 13587     2
   28 20531     5
   61  7274     4
   52 20649     1
   25  5177     4
   72  4585     2
   43 19320     3
   22 17760     9
   11 20888     9
   61  7381     7
   42 11156     6
   61 12915     2
   10 15842     9
   36  8173    10
   30 10544     6
   56  5094     9
   59 14506    10
   92  7628     8
   59 14844     8
   73 10471     9
   81 17064     3
   66 10614     4
   57 13206     5
   42 18070     2
   91 18039     1
    4 18362     2
   86 15197    10
   99 14024     5
   22 18888     9
    1 18142     4
   37  7450     8
   94 11580     1
   28 17778     9
   98 10546     2
   45 11335     2
   52 18777     2
   69 10953     4
   88  9761     4
   73 15643     1
   79 10946     2
   48 12964     1
   15  5905     7
   39 19683     3
   57  7912     9
   50  9900     6
   69  9333     9
   12  8829     8
    9 20228     5
   60 12784     6
   71 19496     5
   82  9804     4
   40  8953     8
   36  9216     9
   38 18832     8
   82  6129    10
   27  6360     9
   41 16300    10
   67 17148     9
   25 16206     4
   63 14294     9
   68 14395     2
   62 19478     2
   56  4979     9
   95 11279    10
   60  9129     3
  100 12137     1
   46  9162     2
   28 15905     6
   88 17720     4
   19 20627     2
    7  5956     8
   35  9789     4
   34  5637     8
   46  4745    10
   92 13524     3
   84 11360     3
   14  9901     8
    4 18175    10
   92 10693     8
   74 18507     3
   74 16776     5
   73 16320     1
   13  6566    10
    9  5097     3
   11 14258     9
   95  8517    10
   35  7279     2
   51  9663     8
   62  4771     8
   60 19308     5
   14 19779     6
   29 14988    10
   22 17891     6
   69 20581     5
   23  5373    10
   81  6126     9
   69 11824     5
   69 10358     1
    9 17853     4
   56  8649     8
   88 10090     3
   16 19632     2
   91 14261     2
   21 11550    10
   62 20200     1
   82  6890     4
    4 18732     3
   75  9207     8
   85 20887     4
   96  8531    10
   49  6819     1
   58 16768     8
   68 20673    10
   62  9207     1
   67 17687    10
   79 14037     8
   56 13546    10
    2 20789     2
   29 19522     6
   17 14139     8
   61 19202     6
   43 18407     1
   45  8233     7
   83 16199     1
   11 18094     5
   68  9429     6
   63 18148     9
   79  9023     9
   36 15609     6
   72 15107     3
   35 13494     7
   24  4805     8
   87 13845     4
   25  6861     9
   44 12177     8
   48 13151     5
    7  9573     3
   48 10015    10
   23 18180     2
   92  9565     6
   43 14369     9
   71 20822     3
   50  5439     3
   11 14148     9
   32  9134     4
   16 18949     3
   89  7290     7
   88 18503     4
   17 18843     5
   18  5918     2
    4 11748     1
   78 17151    10
