 400
   50 16736    10
    1 16773     2
   75 19622     7
  100 15666     6
   17 15967     2
   50 16149    10
   64 13190     9
   10 13101    10
   11 16245     2
   85 19562    10
   92 19649     7
   45 13690     6
   33 16831    10
   51 16730     7
   42 12724     6
   89 15617     6
   75 13315     1
   74 14675     8
   58 14609     2
   56 12768     4
   63 19116     9
   69 14645     2
    5 18076     3
   34 18194     5
   73 12821     7
   38 19834     5
   73 18813     6
   30 20121     9
   92 13557     2
   42 15946     3
   97 12482    10
   41 17914     2
   43 20340     5
   71 19725     6
   40 12947     8
   59 15674     6
   20 15240     6
    4 13759     7
   69 16396     5
   31 19107     7
   88 12687     7
   60 15412     2
   75 20419     3
   21 17140     6
   11 19764     9
   17 12510     8
   10 20379     1
   85 12445     9
   90 14806     6
   67 14354     2
   40 12835     3
   52 13289     4
   35 16620     3
   45 18532     6
   85 19104     9
    8 17063     9
   83 17733     1
   58 17283     4
   37 16550     8
   74 18911     2
  100 12596     7
   34 16654     8
   14 16191     3
   42 20557     1
    4 15745     4
   53 16759     1
  100 15597     7
   24 18607     9
   56 18140     7
   69 19615     2
   54 17081     5
   44 18448     3
   28 14394     3
   29 16867     8
   65 14955     9
   39 13525     2
   45 16998     6
   74 14700     9
   23 13591     1
   35 19426     1
   40 16676    10
   63 14047     3
   87 20336     5
   75 12663     3
    8 20201     8
   72 18806     3
   82 17347     2
   90 17300     8
   29 15455     6
   19 13264    10
   63 15578    10
   29 15672     3
   53 17539     7
   76 19390     3
   70 15596     3
   57 12651    10
   29 15516     3
   70 18815     9
   80 18880     9
   85 13022    10
   38 17797    10
   34 15327     4
   29 19092     2
   66 19813     3
   63 19816     1
   93 13414    10
    4 12704     4
    8 16180     7
   67 15736     9
   27 13917     4
   43 14973     7
    6 20033     8
   90 15586     7
   29 14675     2
   80 20318     1
   97 15153     4
    1 12848     4
   62 17031     3
   87 20075     2
   30 15925    10
   81 17917     2
   49 15019     1
   58 19219     3
   33 14823     8
   25 13776     3
   27 14181     5
   89 15096     8
   54 16914     6
   96 20618     4
   69 13342     6
   39 17557     5
   33 17781     3
    2 16291     9
   67 16016     7
   99 16960     5
   65 15473    10
   60 17051     7
    2 17286     9
   72 19274     6
   26 20408     5
   28 18824     3
   14 13613     3
   31 19808     3
   18 13776     9
   43 15910     4
   11 19492     3
   14 16551     2
   43 16379     8
   73 15890     5
  100 15993     4
   73 19925     8
   53 13174     6
   49 18634     5
   30 18510    10
   85 15618     4
   74 20031     8
   56 20313     5
   74 18336     1
   27 16311     3
   52 20298     8
   42 19299     7
   65 13235     7
   85 17445    10
   44 14956     6
   32 16872     3
   83 13772     5
    8 18051     5
   91 13290     9
   85 18680     4
   80 16692    10
   16 13065     4
   12 16870     6
   94 17926     3
   47 20495     6
   29 18267     4
   36 13203     6
   58 19353     8
   43 14185     6
   79 17204     4
   30 14610     3
   43 17799     9
   51 16495     2
   83 15405     9
   92 15799     3
   81 14372     1
   68 18645     2
   65 15197    10
   36 14052     5
   41 16347     3
   91 19130     3
   88 13716     3
   83 15013    10
   56 19986     9
   72 18783     2
   26 17590     5
   87 16225     2
   55 20177     7
   34 15008     9
   77 17137     1
   39 18223    10
   13 19321     9
   93 17823     4
   51 14459     6
    6 16614     1
   40 17684    10
   80 20348     9
   42 17438     7
   98 16404     7
   23 13900     4
   20 14008    10
   27 18635    10
   65 19321     3
   71 18125     1
    9 13407     8
   56 14486     6
   51 20119     2
   77 19673    10
   20 17305     6
   87 13537     7
   17 15387     3
   11 15801     8
   75 14875     9
   99 18021     2
   66 15153     7
   46 13025     1
   25 14978     6
   53 19000     9
    1 12568     8
   58 17607     4
   29 15503    10
   40 18412     8
   71 16294     3
   22 12692     3
   90 20493     3
   76 20529     3
   62 17998     3
   69 20208     1
   18 17334    10
   59 13768     9
   91 13475     5
   38 18963    10
   85 20025     9
   56 20417     8
    9 16455     1
   94 12799     7
   12 14270     3
   59 15940     2
   70 20094     6
   31 19196     8
   46 17099     9
   87 14847     9
   42 14363     5
   20 19595     7
   86 20490    10
    7 17138     2
   66 20242     7
   10 14834     5
   59 15504    10
   67 20431     5
   68 20063     9
   88 18629     9
    6 18210     2
   39 15723     2
   10 18942     2
   95 18070     4
   14 15619     5
   71 16307     4
   64 17645     5
   32 20574     4
   29 17697     3
   55 18741    10
   69 18903     3
   14 17088     1
   10 18524     7
   77 14724     3
    8 17508     8
   21 20415     9
   36 18286     5
   78 16968     3
   52 18978     7
   82 14751     3
   64 19437     2
   93 12708     2
    1 13713    10
   50 19293     1
  100 17467     3
   67 13321     6
   60 13493     6
   59 20593     2
   33 13119     1
   27 12922     5
   47 18588     1
   38 18950     2
   65 16267     6
   56 16897     2
   33 16387     6
   79 19507     1
   27 12570     5
   96 13398     1
   11 19447     4
   55 17888     8
   50 19760     1
   79 17717     7
   69 14343     9
   60 17651     8
   56 20063    10
   76 19472     6
   81 17433     7
   92 17715     4
   53 15807     9
   33 15778     3
   73 20088     6
   17 14611    10
   25 16107     4
   73 13167     5
   66 13270     1
   25 12940     6
   39 14110     1
   25 14385     6
   83 12899     8
   72 14850     2
   52 14929     1
   29 19108     8
    9 13167     3
   17 18818     7
   85 15372     9
   41 17175     9
   95 17691     7
   11 15563     4
   37 18195    10
    5 16505    10
   65 12818     2
   87 17322    10
   84 13589     6
   34 14782    10
   46 14340     8
   40 13018     5
    9 13621     6
   27 19394     4
   31 18355     9
   62 17049     4
   59 14538     6
    3 17809     5
   78 19282     3
   83 18266    10
   76 18598    10
   44 20173     4
    8 18828     5
   15 20329     1
   68 13925     9
   90 19349     3
   86 14546     2
   20 16475     9
   19 17824    10
   95 15335     5
   36 14659     5
    3 12562     9
   35 20132     3
   31 19972     2
   13 15746     3
   71 17693     3
   36 15844     1
   78 16185     4
   57 14382     3
   19 17054     7
   11 18589     4
    3 16343    10
   58 17694     2
   20 19831     9
   29 15104     3
   88 15415    10
   81 16247     2
   88 17263     8
   91 12590     4
   58 14895     5
   71 14896     7
   66 18809     3
    2 14434     8
   78 13091     2
   80 18505     3
   70 15981     7
   67 20061     5
   65 12418     4
   89 20077     6
   86 17251     4
   59 15374     9
   24 14103     1
   88 17435     3
   94 14873     1
   54 13442     2
    1 12548     6
   65 20187     4
   89 16907     3
   78 16355    10
   22 13935     6
    8 13327     9
   89 14310     3
   24 17900     6
   66 18642    10
    8 13507     2
