 400
    2 22631     4
   73 25152     8
   16 15312     5
   62 16701     4
   18 24241     4
   11 13603     1
   88 16537     4
    7 22752     9
    5  9041     3
   91 24493     6
   80 13608     3
   30 10303    10
   55 19370     5
   76 16858     9
   78 14417     8
   77 20544     4
   56 25232     5
   22 22692     2
   20  9423    10
   27 12352     1
   65 16182     2
   35 17514     2
    4 19905     9
   26  9042     3
   32 23323     5
   51 13106     2
  100 12258     1
   50 22396     8
   96 19741    10
   15 13747     6
   28 25549     4
   98 15915     3
   88 12441     4
   43 14403     8
   59 23797     7
    5 10225     7
   54 19188     8
   46 13876    10
   12 24159     6
   58 19410     1
   37 11912     6
   92 11309     8
   87 20895     1
   91 22463    10
   68 19349     6
   64  8854     9
   67 16550     3
   24 18123     1
   85 22727     1
   87 17154     3
   50 21657     1
   50 12452     2
   21 25850     4
   53 15104    10
   75 12675     4
   52 22716     8
    4 19392     2
   75 16114     4
    1 18655     6
  100 12675     1
   89 21043    10
   28 17746     9
   97 19772     4
   77 24666     3
   71 23331     6
   55 17111    10
   81 26072     9
   24 16061     3
    1 22169     9
   93 23773     4
   81  9013     4
   37 25262     4
   84 26264     2
   68 21090     4
   28 21268     3
   51 19155     7
   31 21125     2
   95 11360     6
   74 10820     8
   16 17395     2
   81 19696     8
   24 23658     9
   65 21028     4
    1 19089     2
   76 12305     8
   40 24884     7
   53 15347    10
   80 22879     9
   14 14541     1
   53 25183     5
   80  9097    10
    3  9126    10
   81 16472     3
   77 20050     3
   79 24973     3
   51 13345     9
   32 10703     2
   60 24588     1
   75 20587     2
   32 24053    10
   52 21903     5
   55 20782     5
   69 22857     4
   35 21709     7
   22 15414     8
   97 17667     6
   86 14406     4
   53 10082    10
   91 20209     2
   59 16408     1
   69 18658     2
   71 13448    10
   82 13609     9
   34 13228     5
   72 23718     2
   58 17095     7
   73 11655     2
   24 12607     1
   38 13517     6
   87 17377     2
   76 11333     6
   18 13795     5
   90 17684     2
   57 18986     9
   94 25026     8
   69 16200     4
    8 23512     7
   25  9271     9
   28 14330     5
   82 17642     8
   57 24506     9
   80  9776    10
   37 11967     3
   25 20906     2
   15 22666     6
   59 18563     1
   21 12116     8
  100 10615     9
   11 19826    10
   12 23506    10
   59 18205    10
   79 12026     2
   82 10497     9
   41 22995     9
   13 16436     6
   53 25396     1
   99 13633     5
   86 19272     7
   76 11546     1
   36 18331    10
   72 10191     9
   52 14060     7
   53 23307     5
   62 19057    10
    9 24228     5
   47 21876     2
   30 26438     4
   16 21283     2
   71 22328     1
   58 14311     9
   98 12467     9
   27 20377     9
   37 15268     8
   34 15615     2
   52 14825     1
   51 11477     4
   92 25360     2
   73 18122     9
   50 13273     3
    3 18728     2
   85 15171     8
    9 22660     2
   82 21935     3
   66 16850     7
   49 19197    10
   94 11913     8
   19 15788     7
   47 24012     5
   79 22367     5
   94 18516     8
   83 15885     4
   51 23740     3
   46 23758     4
   36 12735     8
   13 16339     3
   55 21528     8
   82 25792    10
   42 16320     7
   70 16353     9
   53 21663    10
  100 21812     5
   68 20002     8
   79 15583     9
   36 10623     3
    2  9160     9
   31 21589     9
   86 13281     7
   94 25701     1
    4 13254     8
   36 17736     9
   96 17971     2
   88 19606     5
   44 13938     1
   78 13449     4
   54  9998     2
   93 24317     1
   72 16543     2
   72 16968     8
   39 21871     5
   51 12453     6
   66  9027     5
   22 11298     9
    2  9735     9
   12 23966     9
   57 15215     7
   14 17255     2
   66 19036     7
   38 14550     6
   55 24757     8
   36  8932     5
   90  9755     5
   54 20112     3
    3 20115     3
   69 16519     4
   90 21916     6
    5 20456     2
  100 11651     2
   76 26378     2
   98 19699     2
    4 16086     9
   12 17657    10
   94 11212     3
   92  9235     4
   56 22776     1
   71 15842     7
   45 10415     5
   48 20635     1
   42 23567     8
   17 18565     3
   87 16048     6
   92  9563     4
   82 18773     8
    8 18528     4
   93 10479     2
   93 16281     6
   65 24925     1
    7 18916     3
   58  8860     2
    2 13017     6
   62 17215     1
   94  8973     7
   92 13954     1
   16 10869     3
   96 20270    10
   61 21654     4
    5 23966     8
  100 14268     1
   61 24487     6
   80 23887     9
   98 25149     3
   64 14115     5
   92 15086     9
   91  9903     6
   55 14532     9
   47 11405     9
   61 16927     2
  100 16128     3
   95 23221    10
    3 14037    10
   16 25875     5
   81 12812     5
   95 14781     3
   98 18190     3
   89 22522     9
   88 16441     4
   90 25653     8
   53 20989     9
   94  8900     7
   48 25695    10
   55 25187     4
   55 17296     7
   42 25849     6
   46 12683     5
   70 19347    10
   37 19662     6
    7 25519     9
   74 16856     8
   37 25111     6
   67 23548     4
   54 14286     7
   34 23803     9
   31 11206     9
   46 20554     5
   25 24888     4
   85 16920     7
   92 23140     4
   86 15357     6
   85 24230     9
   86 19903     4
   88 20576     5
  100 23647     4
   67 23897     8
   83  8899     7
   97 15380     6
   55 19961     7
   70 16522     1
   87 14575     4
    8 14492     5
   63 16604     8
   35 13813     3
   62 13222     9
   17 25081     4
   76 13205     9
    8 17087     3
   87 17971     4
   13 24048     4
   14 16149     2
   60 26009     1
   50 22702    10
   80 13239     5
   14 13837     8
   84 20047     8
   10 15627     4
   59 25572     3
    8 18477     1
   95 23729    10
   51 22254     6
   93 25015     6
   79 21501     9
   37 15700    10
   81 19134     1
   79 18691     2
    3 13140     8
   63 19214     7
   75 25252     8
   58 24283     4
   32  9279     8
   62 13370     2
   65 12318     8
   94 17064     5
   96 18364     5
   26 16721     7
   11 15688     9
   72 22750     3
   33 24989    10
   97 24841     2
   84 20340     7
   47 14681     1
   57 24392     3
   34 16584     6
   26 19101     6
   71 11772    10
   17 10174     4
   36 25910     9
   30 10887     2
   24 19832     5
   31 23182     8
   80 24323     8
   17 18390     1
    9 18225     6
   16 13566     7
   97 11066     1
   88 10458     8
   19 17887     5
   59 21462     8
   62  9253     5
   77 15712     8
   91 21922     5
   24 13805     7
   41 19211     6
   85 12529     9
   19 23350     1
   67  9475     2
   95 19399     8
   91 19643     4
  100 25646     1
   92 17782     9
   75 13526    10
   46 13869     1
   49 15717     2
    8 21292     6
   71 24152     6
   19 18670     2
   24 22647     9
    7 23605     4
   48 20738     4
   47 16021     4
   37 20329     2
   27 18603     1
   64 25593     4
   46 12097     7
   43 23350     8
   60 10201     4
   33 13736     4
   62 14780     2
   19 22844     1
   95 14171     9
   38 21674    10
    9 18309     5
   18 19157     6
