 400
   38   471     7
   46  6384     4
   47  7629     7
   60    25     6
    8  4303     5
   88    25     2
   94  7794     1
    7  1177     1
   41  1773     3
   14  5495     5
   65  6713     8
   55  2161    10
   26  2314     3
   93  4642    10
   69  4302     9
   24  1606     9
   11  2155     3
   19  6352     4
   98  3209     1
   46  1161    10
   90  2442    10
   28  4292     8
   41  3513     3
   17  1837     3
   55  3698     2
   62  4055     1
   54  6825     7
   28  8060     9
   39  5728     5
   95  5951     3
   48   768     5
   76  6200     2
   41  4265     6
   94   327     2
   35  6225     7
   49   497    10
   82   352     4
   28  5949     8
   55  1675     1
   22  2126     6
   42  3374     2
   19   318     8
   77  4287     6
   68  5689     5
   12  4960     8
   45   519     4
   91  7296     4
   22  7116    10
   64  6872     7
   89  2434     4
   68   206    10
   54  1243     7
   17  6727     1
    9  3720     3
   70  3080     9
   72  2354     3
   70  7775     3
   23  1835     6
   99  2344     1
    8  5433     7
   18  7787     8
   46  3112     6
   83  3562     8
   59  3982     3
   40  3440     8
   18  1717     5
    7  4479     3
   21  3793     1
   46  7666     2
   62  6155     3
   43  5919     7
   88  2970     4
   81  6473    10
   19  2135     2
   55   588     8
   92  3363     8
   64  2655     5
   45  7885     1
   14  2408     7
   28  1456     2
   34  2248     5
   81  2615     6
   81  2700     9
   51   905     6
   89  6335     8
   50  5781     8
   22  3259     9
   59  6040     1
   73  7616     3
   21  5604     9
   67  3402     8
   90  7333    10
   67   646     5
   50  6964     5
   49  3244     3
    6  4086     3
   68   610    10
   55  7724     6
   27  7879     3
   13   206     2
   17  5808     8
   69  5727    10
  100  3177     5
   97  4211     8
   88  7863     1
   54  3765     3
   88  7574     5
   52  2448     6
   99  3580     4
    2  1911     2
   79  3904     8
   33  5828     8
   82  4526     8
   59  6605     6
   83  6733     3
   71  2791     6
    9  4315     4
    5  1922     2
   30   760     6
   82  3861     6
   25  7526     1
   96  4162     3
   72  3124     6
   91   101     5
   46  3056     8
   20  6368     9
   96  4188     8
   13  3666     8
   75  6022     4
   23  3997     1
   26  3873     9
   91  3760     2
   92  1653    10
   25  7050     3
   88  7972    10
   79  1446     1
   79  2745     6
   76  7475     5
   31  3894     6
   78  6325     9
   77  1316     7
    9  7799     4
   11  4083     6
   58  5843     4
   68  6333    10
   93  2746     9
   29   564     9
   76  2578     3
   97  4668    10
   58  1324     5
   58  6439     9
   22  4124     1
   54  5487     8
   29  1492     4
   12  4225     5
   99   473     5
   49  7861     3
    8   343     2
   11  4140     2
   23  5813     7
   30  4340     2
   36  8013     1
   14  1502     9
   21  5994     2
   61  6992     3
    1  1403     8
  100  7440     2
   40  1667     9
   76   808     3
   30  3264     8
   18  7992     7
   53  2124     9
   39  2993     2
   28  4005     3
   11  7968     2
    6  1256     1
   21  6751     1
   39   461     1
   82  3834     4
   18  3348     1
   97  1786     6
   39  2203     2
   39  7473     1
   50  7273     3
   68  3696     6
   51  3628     6
   49  7746     8
   16  3486     8
   58  3971     8
   60  3815    10
   38  1229     5
   88   240    10
   96  3758    10
   52  2731     3
    9  6234     1
   57  2680     3
   52  4135    10
    9  5604     3
   96  4347     1
   28  4943     3
   38   797    10
   14  4269     7
   80  7068     1
   77  3791     1
   41   203     9
   90  6965     3
   82  5047     2
   62  6954    10
   29  7427     4
   63   810     5
   79  2232     1
   25  1142     9
    2  3013     7
   18  1634     2
   74   345     2
   69  6710     2
   68  5262     8
   23    20     9
   84  2126    10
   26  1163     6
   82  3836     8
   22  3355     4
   14  1403     5
   77  7594     7
   73  6086     6
   22  7638     6
   33  2204     9
   25  2151     6
   31  5172     8
   29  6551    10
   52  7094     8
   69  5970     8
   42  2749     6
   32  6091     9
   45  1690     8
   82  2953     5
   21  4986     2
   26  6737    10
   44  1837     5
   50  4342     5
   89  7548     4
   23  4069     6
   74  5485     4
   91  2491    10
   40  5704     7
   48  5830     5
   59  1130     2
    8  2896     5
   70  5851     4
   43  3256     1
   34  4059    10
   51  1617     2
   64  6611     5
   47  5463     4
   27  1141     8
   37  4627     1
   69  5031    10
   60  3345     7
   61  6778     7
  100  2133     7
   88  1825     6
   13  5802     5
   68    32     4
   29  4575     2
   44  3823     3
   12  1722     2
   11  7529     6
   65   738     5
   38   389     2
   54  1295     1
   14  5081    10
   27  7937     5
   76  5365     6
   88  2496     3
   17  2357     5
   16  2999     3
   35   255     8
   75  3488     6
   24  5895     7
    4  6107     1
   18  6744     7
   57  1884     6
   55  7724     2
   82  5285     2
    4  7348    10
   82   794    10
   18  1842     2
   73  4309     9
   41  4140     7
   79   550     8
   72  6442     6
   28  5966     3
   91  6352     2
   39  6474    10
   57  2470     4
   35  2104     5
   51   126     2
   67  1929    10
  100  2843     9
   88   515     3
   21  3224    10
   14  7925     8
   14   381     8
   97   519     6
    1  2350     1
   30  2739     2
   13  3518     8
   35  2605     8
    5  6227     8
   36  1342     4
   39   642     9
   22  4901     5
   92  3227    10
   93   295     1
    3  2116     6
   96  2504     9
   74  1090     1
   21  3959     7
   68  6813     7
   14  5230     7
   99  4509     5
   39  5184     3
   42  3125     9
   90  2790     6
   78  3588     2
   98  5596     3
   24  4895     1
   28  3714     3
   65  7525     3
   23  7738     9
   15  4229     5
   86  2679     2
   37  7592     7
   29  4611     3
   83  3198     8
   37  1871     7
   59  7351     4
   95  6716     5
   72  4477     5
   63  5508     2
   30  8059     9
   10  5120     3
   85  2339     6
   21  3215     8
    2  5415     4
   88  4455     1
   16  5720     6
   76  6506     4
    8   343     8
   84  4463     3
   90  3666     1
    6  4852     2
   22  1577     6
   31  6792    10
   95  7643     8
   99  5165     7
   29  4317     3
   19  4467     8
   27   808    10
   94  3772     5
   42  4135     7
   41  5038     5
   80  6452     7
   78  3657     3
   70  1578     7
   62  1579     4
   15  5529     9
   28   859     1
   56   225     9
   86  1935     3
   90  6367     2
   85   213     7
   95  7055     6
   75   635     7
    6  3429     4
   97  4400     9
   62  5090     8
   22  1078    10
   72  2836     3
   69  5434     5
    5  5542     3
   61  6502     4
   75  2216     6
   27  7119     9
   92  5223     3
   70  1789     4
   26  4213     5
   20  1470     5
   88  6257     1
   52  5022     5
   14  5243    10
   30  2321     8
   93  1989     9
   93  3624     6
    7  5978    10
   62  3568     5
   55  5204     9
   21  3436     9
   90  4427     5
   10  5429     7
