 400
   74  9443     6
   97  9861     6
   29   707     8
   27  1632     5
   91  2191     2
   14  1136     6
   78  1761     9
   57  3130     1
   37  5661     1
   64   262     1
   99  4832    10
   38  1758     8
   90  9925     3
    6  9788     2
   35  5590     2
   86  7612     5
   63  4721     2
   99  6340     5
   45  2368     8
   45  4459     1
   16   895     4
   68  2807     6
   78  4754     3
   57   424    10
   96  5245     3
   15  8339     4
   72  4410     2
   11  1815     1
   28  4135     5
   13  5375     8
   68  2944     3
    1  3268     1
    9  4927     4
   96  3652     1
   28  4901     6
  100  7118     5
    9  4789     6
    5  6662     4
   56 10248     5
   46   140     7
   68  6924     4
   55  4770     5
   83  1898     4
   58  6539     7
   61  4249     6
   17  7489     6
   44  3842     1
   23  8971     8
   16  3520    10
   88  6211     9
   68  3121     9
   32  4416     3
   56  9018     4
   45  7875     1
   89  4840     3
   51  3953     7
   60  5905     5
   60  9251     4
   62  5769     7
   87 10040    10
   72  4316     2
   29  8714    10
   88  2999    10
   80  9244     5
   25  2056    10
   15  7900     5
   80  6052     9
   34  6845     5
   20  4252     9
   35  5991     3
   79  6985     1
   88   867     3
   90   452     7
   61  8884     5
   46  7407     9
   50  4702     3
   78  6064    10
   89   939     9
   73  3363     1
   94  9585     9
   77  7150     8
   40  6484     9
   25  3692     2
   32  5859     2
   84  4049    10
   14  8532     4
   82  9813     8
   43  9954     4
   73  7474     8
   44  5272     4
   30  9684     4
   44  1480     9
   73  3677     3
   17  2374     3
   24   415     4
   97  5733     2
   32 10274     8
    3  6467     2
   30  2269     7
   52  4216     6
   38  2149     5
    8  9255     7
   40  5084     9
   28  2601     2
   68  7830     2
   85  2181     7
   77  7303     4
   46  3585     1
   74  3120     6
   50   356     4
   39  2860    10
   50 10271     3
   89  6840     2
   63  6553     2
   81  5820     4
   73   580     1
   76  4775     5
   63  5323     2
   16   224     5
   49  1940     3
    6   286     5
   45  9909     8
   93  3421     2
   79  3963     8
   62  1973     1
   17  3836     6
   75  9697     9
   93  1937     9
   19 10303     7
    5  1657     5
   45  6154     5
   57  2142     1
   13   602     2
   84   928     3
   84  4744     2
   81  8432     3
   68  3110     9
   61  1737     6
   26  1707     4
   41  6230     5
   10  2094    10
   64  4568     4
   91  6192     7
   99  8934     2
   27   812     5
   71  1703     1
   71  9515     3
    3  5588     9
   33  7026     2
   86  9739     7
   51  7528     2
   39  7313     7
   30  9339     5
   43   639     4
   18   967     4
   92  1002     6
   59  4475     9
   92   355     2
   84  2940     4
   78  4468     6
   97  2012     7
   29  9095     8
   35  6611     7
    9  2614     9
   12 10024     1
   18  1046     9
   89   737     2
   80  2824     9
   79  2783     4
   15  2445     5
   21  9055     4
   88  4877     4
   78  7014     8
   11  4937    10
   86  3502     5
    4  7826     2
   82  6640     1
   56  2707     7
    6  3104     1
   15  3357     3
   42  2137     4
   57   322     3
   54   361     9
   71  1166     8
   99   962     6
   71  1329     2
   62  2169     4
   58  5437     5
   63  1684     4
   46  5109     7
   36  9906    10
   59  3696     1
   75  3895     5
   70  6208     6
   68  6311     9
   87  3609     5
   87  7254     4
   56  7049    10
   66  6434     4
   66 10037     8
   70  9494     5
   87  5179     7
   53  4605     1
   48  6199     2
   97 10117     7
   38  8107     5
   52  3715     4
   79  6447     8
   94   505     1
   57  6820     4
   93  9805    10
   35  2642     4
   14  7143     7
   46 10167     9
    6  3809     2
   13  8105     2
   16  1186     1
   68  5978     6
   70  3232     7
   78  2870     4
   14   778     3
    6  2829     6
   37  6567     5
   89  4673     8
   75  9037     1
    4  2569     3
   75  8283     2
   62  5981     5
   60  9618     2
   40  4407     6
   27  5709     2
   29  8802     7
   27  9587     3
   79     4     2
   77  4692     8
   23  9394    10
   17  8112     7
   28  8407     1
    2  5532     7
   11  8617     8
   85  4918     5
   94  5028     7
   46   950     2
   98  1752     1
   40  4885     5
   52  4759     3
   10  9857     3
   56  6071     5
   20   428     9
   80  2780     9
   33  8942     9
   33  1206     1
   85  5609     4
   69  5200     3
   21  5880     8
   60  4336     5
   73  7769     5
   95  3854    10
   21     8    10
   32  7077     7
   35  8262     6
   47  5717     1
   61  5570     3
   61  7539     8
   26  5721     3
   37 10262     1
   84  6623     7
   43  3523     9
   64  8360     2
   85  1845     4
   53  1831     6
   49  2968     7
   79  6873     1
   99  2782     7
   46  4721     7
   19  1449     5
   50  7542    10
   56  4268    10
   74  7521    10
   69  7970     9
   36  7049     8
    6  6153     8
    2  9177     9
   21  2348     2
   75  1044     1
   23  4748     7
   80  6685     7
   48  8813     6
   17  8602     6
    1  6693     6
   79  5581     2
   52  6555     1
   48  2100     6
   39   841     5
   13  3784     9
   73  7822     9
   75   794     6
   96    98     6
   15  1036     8
   39  9154     7
   81  1944    10
   68  2867     3
   87  1813     3
   60  8818    10
   66  5650    10
   33  6534    10
   78 10267     4
   16  2882    10
   89   493     9
   51  7479     4
   84   543     8
   24  7542     7
   57  3322     1
   86  9721     7
   45  9891     9
   32  4367     1
    8  4159     3
   24  6267     5
   79  2871     6
   25  2452     9
   25  2650    10
   57  8452     8
   76  9008    10
   72  4750     6
   96  9294     3
   88  2483     8
   44  2263     4
   70 10088     8
   84  2581     4
   59  3299     1
    9  8933     5
   65  4526     3
   27  6167     4
   95   437     8
   24  3034     2
   93  1507     3
   28  6972     8
    2  2992     6
    8  4390     3
   16  7465     7
   52   161     9
   92  4934    10
   40  4698     3
    9  3484    10
   78  4345     6
   84  4280     1
   40  7851     1
   85  8505     9
    8   237     5
   19   412     6
    9   648     7
   32  2887     5
   76  8865     4
   84  9656     6
    3  7638    10
   71  7849     7
   72  1829     4
   47  9901     4
   40  7628     4
   56  4411     7
    6  2890     4
   49  6251     9
   20  8938    10
   32  9057     7
   44  6688     7
   44  1662     1
   25   255    10
   71  3350     4
   45  4655     7
   33  4645     2
   87   506    10
   96  4816     5
   25  9580     2
   26  5205     3
    5  8301     4
    2  3616     8
   10  9485     3
   44  5843     4
   86  1811     6
   17  9722     8
   63  6256    10
   94  2460     2
   49  2299     2
   38  4811     4
   78  1807     8
   51  9938     2
    8  2350    10
   50  3637     1
   98  9529     5
   48  9978     4
    5  8048     8
    3  2110     8
   96  5920     2
   24  6677     7
   35   858     5
   39  2299     8
   67  8339     7
   60  1113     5
   10  5649     2
   11  2685     3
