 400
   33  3868     2
   58  5044    10
   66 10437     6
   85  8747     6
   37  5640     7
   69  4638     4
   33  5179     6
   62  1977     4
   40  4667    10
   18 12037     2
   65  4697     3
   51  3607     1
   77 11513     9
   27  6664     4
   24 11169     8
    2  8909     1
   76  3584     9
   49 11610     1
   50   654     6
   55  4780     8
   58  8888     6
   54  1357     3
   50  7345    10
   33  3577     9
   63  9696     2
    4 10260     6
   55 12266     6
   46  1403     1
   86 12207     7
   56  2011     9
   56 11167     4
   19  2297     9
   14  7056     8
   21  7826    10
    3 11045     4
   51 12696     5
   90 12464     4
   35  2445     9
   12   895     9
   30  3353     3
   53   703     1
   77  5593     1
   81  6960     3
   29 12217    10
    4 12258     5
    4  4350    10
   31  7347    10
   79  2063     3
   53  2182     1
   80  8002     6
   34  6843     1
   10 11071     6
   34  9360     8
   84   410     1
   42   869     5
   96  5278    10
   87 10671     6
   97 13136     1
   41  6681    10
   73  9100     2
   53  1368     9
   97  4070     4
   91 11397    10
   66  8425     7
   18 11896     4
   94  8663     4
   17  7342     1
    8 10582     7
   29 11109     3
   28  8238    10
   37   156     9
   81 11813     3
    5    52     1
   17  7116     2
   10 10251     2
    8 12310     6
   20 11467     2
   41  3820     2
   87   594     9
   73 13650     2
   20 11823     8
   20  7438    10
   82 10942     8
   54  7405     5
    3  7849    10
   24 11812     3
   49 12683     5
   90  4741     5
   21 11169     3
   90  5586     5
   62    62     7
   73 12538     1
   86  9656     8
   53 11459     7
   39  7184     7
    4  7774     1
   46  6344    10
   55   748     8
   11  4578     7
   75  3675     2
   83  8986     8
   47  4734     6
   55  1709     5
   87  9038     8
   63 11851     8
   65 11961     7
   95  7570     3
   83  9540     9
    5  2002     8
   81  8165     2
   55  9411    10
   25    47     6
    1  1825     1
   37  6574     7
   78  7452     1
    4  9674    10
   61  4608    10
   27  6357     5
   93   636     5
   81  1998     2
   17 11943     9
   55   698     1
   53   757     2
    3  7821     7
    7 12158     7
   92  7941     9
    6  1817     7
   53  4724     7
   46  8689     6
   16  6395     4
   27  8399     9
   28  3897     4
   62 11130    10
   82 10109     3
   14 12936     1
   25  9203     7
   47  8291     9
    9  6727     4
    8  4964     5
   51 10294     7
   90  1114     5
   62   597     5
   76 10341     3
   90  2939     6
   99  7172     2
   53  4015     3
   93 12613     5
   60 11780     1
   80 10372     7
   86 13249     9
   40 13778     2
   96  8536     6
   40   169    10
   93   757     4
   98  2579     2
   47 12327     7
   84  8699     2
    3  4396     9
  100  3273     3
   29  3610     8
   19 10792     3
   27 11673     2
   57  7507     1
   81  8144     2
    8  8003     4
   70  6664     2
    6  3568     8
   55  2515     3
   79 13392     5
   13  8533     3
    6 12810    10
   68   727    10
   75  9131     7
   81  9372     2
   58  3666     5
   73  2524     8
   34 13387     4
   51  2501    10
   32   525     8
   13  9981     1
   36  1971     8
   72   525    10
    9  4739     7
   76  2140     8
   65  1282     3
    6  7318     9
   22   689     4
   48  9981     5
    9 11715     8
   21  3962     7
   77 13591     2
   27  8728    10
   47  1856     8
   33  7320     2
    8  3094     1
   55  9860     2
    3   205     3
   13  6663     8
    9 12376     4
   81 13598     8
   25  1418    10
   15 11407     3
   49   546     8
   99 10549     7
   95  7001     5
    6  4213     2
   72 13073     4
   28  6609     8
   56  6714     1
    4 13599     2
   41  2812     9
   92  8686     9
   76   345     1
   49  7551     5
   67 10827     7
   40  1628     4
   55  1090     4
   89 11517    10
   88 11610     8
   64 12805     1
   10  1700     6
   64 11422     9
   91  7755    10
   57  3557     4
   97  4964     1
   98 10850    10
   11 13418     5
  100  5169     4
   10  3734     8
   20 12015     9
   81  4988     2
   35  5152     8
   34  9643     1
   29  5535     9
   34  1922     4
   29  2865     6
   35  9748     1
    5  1217     8
   57  9475     3
   91  2684     2
    9  1037     9
   97 12287     2
   82 11371    10
   84  1383    10
   46  6059     7
   49  8419     7
   23  3011     3
  100  7149    10
   38  6157     6
   11   842    10
   63  6176    10
   47  7858     2
   74 12265     9
   53   153     9
    4 11416     5
   71  3450     9
   51 11003     9
   15 11055    10
   70  8620     3
   61   958     7
   34  9291     8
   50 13609     4
   95  6111     4
   68  5156     9
   79  5365     3
   28  8033     8
   97  8022     4
   13  1335     3
   33  9250     5
   53  3718     7
    3  4020     4
   41 10288     4
   50  2227     8
   85  1612     4
   25 11671     3
   95  8286     5
   33 10032    10
   48   904     6
   95  1657     4
   70  2410     5
   58  1747     6
   58  7834     3
   17 10269     7
   32   234     4
   11  7987     2
   20  7906     2
    2  3685     3
   61  5211    10
   34  5183     2
   71 12305     6
   21  6170     7
   68   696     9
   21 12135     9
   16 12281    10
   36  5853     8
   99  3722     1
   43  6536     7
   32    96     1
   12  5058     3
   76  2008     2
   85  3815     8
   14  9078     7
   17 12296     5
   34  6042     6
   98 10691    10
   41 10189     8
   28   549    10
   31  6944     9
   88 11094     4
   23  2207     3
    1  9355     4
   45 12841     9
   80 10041     6
   18  5845     1
   76 13075     3
   90  4250     7
   37 13752     2
   78  2981     6
   50  9461     7
   71  5157     3
   49  1508     1
   71  1853     3
   39  5853     2
   69 13644    10
   86   356     3
   75 11706     9
   68  3587    10
   29  6892    10
    7 11803    10
   79  8646     3
    5  8901     1
   91  1839     7
   93  3945     9
   21  7418     6
   24  7881     2
   91   857     9
   61  3829     4
   52  8431     1
   21  7802     7
   49  1144     8
   74 10638     4
   22  3378     1
   94   206     6
   54  6901     9
   39  9223     1
   70 13282     9
   43 11151     6
   76  9196     3
   47  2484     4
   93  6834     3
   47   575     6
   95  3993     4
   63  8687     6
   85  6428     7
   64  3858     3
   49  9043     9
   59  4356     6
   32  7446     3
   78  2157     8
   66  2381     5
   10  2313     6
   82 11058     9
   56  4220     1
    3  6258     4
    2  4698     5
   80 12101     3
   93  7116     3
   63  8528     9
   32  6754     3
   14  1139     9
   12  9672     6
    5  3613     7
   36  4517    10
    5  9879     1
   58 10514     5
   75 13741    10
   74  9383     9
    1  7887     1
   50  9159     3
   20 11868     3
   93   942     4
   97  9734     8
   15  2082     6
   55  9630     9
   82  2384     5
   78  5940     9
    4  4894     7
   41  6740    10
    9 13386     1
   81  7052     5
    6  9121     4
   19  1920     6
   62  4332     3
   61 13342     5
   22  8179    10
   64  9030     8
   40 11665     7
   15  1516     2
   26  3780     6
   71  4640    10
