 400
   31  6454     5
   71  4238     4
   30  3770     6
    9  6709     5
   33   521     9
    2  1182     9
   85 10986    10
   36 10829     7
   97  2981     6
   48  3534    10
   20  3005     9
    1  8145     3
   59  4295     4
    4  8730     4
   98  9678    10
   50  4254     2
   42  4138     3
   20  1359     5
   21  5938     1
   75  4670     5
   22  9179     4
   57   657     1
   67  9733     2
   14  5574     9
   25  6397     6
   80  8271     7
   98  7467     7
   14 10084    10
   41  7213     1
   99 10480     7
   83  9381     1
   71  2316     5
   69  3366    10
   12  1800     6
   79  9025     9
    2  3888     9
   13  2982     5
   64  8660     9
   37  3365     6
   10  5963    10
   11   842     8
   57  6371     4
   10  2756     3
   69  5137     2
   60  3750     7
    8  1082     2
   18  9391     3
    2  7889     9
   28  2442     7
   39  3977     4
   76  1207     4
   49   270    10
   95  4634     4
   42 10941     6
   63  5844     9
   20 11032    10
   22  7860     2
   61  1960     5
   34  9765     9
   62  3722     3
   59  1088     2
   16  7795    10
   33  6038     7
   28  4455     1
   27  9595     5
   12  3711     6
   29  8343    10
   40  1225     9
   75  1020     5
   66   357     6
   49  7189     9
   86  1862     2
   22  6729     9
   59  9946     1
   54  6999     3
   81 10479     6
   67 11028     3
   72  5039     6
   82  7017     4
   94  2119    10
   10  9017     9
   57  8224     8
   43  2389     9
    5  2300     3
   99  7814     3
    6  8233     8
   25  1981     3
   20  4323     5
   66 10194     3
   58   394     2
   82  8045     7
   24 11282     4
   73  8190     1
   14  2732     4
   52  4386     5
  100  6433     6
   26  6444     9
   80  1377     5
   39  7659     4
    1  7464     3
   46  1734    10
   87  3497     3
   86  9326     5
   67  8463     8
   46  2091     4
   40  4973     8
   48  7591     4
   12  1768     6
   11 10013     3
   30  3256     8
    6  3887     6
   21  7678     2
   86   129     5
   48  6277     5
   26  9978     4
   85  7944     7
   53  3158     2
   50   607     7
    4   915     2
   19  2001     4
    8  1002     8
   86  8961     8
   42  1931     8
   80  9193     8
   99   341     1
   94  6317     2
   79  4275     3
   25  6785    10
   74  7695     7
   18   582     7
   25  2897     3
   19  9430     6
    5  4080    10
   10   872     7
   86  6542     4
   50  6172     3
   50  5846     5
   33  2781     7
   62  7940     9
   61  4507     7
   62  6038     4
   67   476     4
   82   833     9
   48  6168     9
   14  6753     9
    7 10812     2
   32  2760     6
   67  9912    10
   57    68     9
   36  3676     7
   85   561     4
   65  1071     6
   21  1285     5
   27  2493     2
   44 10264     4
   20  1626     5
   20  8811     3
   23  3187     7
   44  8411     5
   93  5154     9
   40  3770     4
   68 11309     7
   12  3232     5
   44  7850     3
   78   829     4
   97  9774     8
   94  2670     6
   27  6675     8
   29  1204     5
   55 10611     5
   87 11182     5
   91  7242     8
   22 11087     9
   69   664     3
   39  2059     7
   35  6489     7
   76   125     5
   70  4819     2
    2  5049     7
   32   194     3
    6  8495     8
   86  5611    10
   96  1265     9
   26  9780     2
   13  8104     1
   40   177     2
   46    55     7
   33  5563     4
   63  3365     8
   89  8466     1
   25 10717     3
    2  7135     1
   57  8424     8
   36  2598     8
   46  3634     4
   35  9253     1
   33  1020     5
   40  6305     9
   62  4577     9
   61  2225    10
   95  5564     3
   49  4407     4
   52  9467     8
   16  5300     2
   17  5072     6
   90   175     4
   51   437     8
   92  5198     1
   60  4994     5
   52  5487     4
   24  5392     4
   66  2138     3
   38 11098     4
   20  6657     2
   91   567     4
   51  7850     4
   59  6835     3
   37   622     1
   83  2062     8
   22 10200     1
   26  9089     2
    7  1428     1
   24  5984     2
   83  6161     9
   43  4026     8
   69  9619     5
   17  4063    10
   75  5047     3
    9  4572     4
   78  8640     9
   36  7272     2
    3 10137     7
   27  1696     2
   88  5388     9
   18  4085     8
   43  6769     8
   77  5563     2
   68  4523     5
   35   615     8
   37 10558     6
   20 10011     9
   58  6007     1
    2  1344     8
   57  9757     2
   77  1313     3
   93  1912     2
    7  6256     6
   36  8148     6
   29  2535     2
   89  8319     3
   57  6997     7
   54   272     3
   96  9747     4
   81  1629     8
   37  6434     2
   39  2421     1
   50 11248     3
   53 10498     1
   13  7469     4
   58  4469     7
   31  7786     9
   49  3389     5
   60  3254     3
   57  9483     1
   36  8777     3
   77  7340    10
  100  4900     8
   13  2988     5
   45   512     5
   34  5515     6
   50  2194     1
   64 10523     4
   92   170     7
   51  3539     9
   21  8929     5
   69  1483     9
   44  5451    10
   28  3834    10
    5  9632     4
   72  7986     2
   17   801     3
   62  5277    10
   26  8259     5
   12 10548     7
   42  6907     8
   62  3342     6
   50  1618     8
   91  6803    10
   15  2489     7
   63  9087     1
   48 11273     6
   45 10276     6
   11  1124     5
    7  3175     9
    2  8407     6
   47  9902     8
   84 10515     9
    2  1955     3
   59  1538     3
   29 11027     4
   35  7471     9
    8  3733     3
   92 10199     7
   27  7641     5
   59  7272     1
   13  7776     1
   95  9125     3
    2  1372     1
   40   258     1
   99  7406     7
   74  9359     2
   56  1059     4
   60  1331     6
  100  6267     6
   68   256    10
    1  8239     4
   62  9610     2
   17  1875     7
   92  3691     4
   76   747     8
   80 10962     7
   39  3612     9
   21 11023     4
   90   735     2
   46  6787     8
   23  8078     9
   37 10638    10
   29  5951     6
   24 10034     2
   95   824     2
   58  5627     9
   59  6153    10
    3  4558     4
   50  4474     5
   85  2443     5
   62   478     5
   62   898     6
   80   217     7
   63  1851     5
    1  1157     6
   79  7623     3
   37 11210     7
   57  2217    10
   38  8955     9
   36  6125     3
   24  2473     9
   39  5842     3
   97  4383     4
   41  4348     6
   30  9533     6
   73  5130     2
   20  3959     3
   69  1793     5
   93  4802     5
   10  4695     5
   14  8581     2
   16  1528     4
   46  3981     4
   43  3181     8
   39   211     6
   40  4806     5
  100  8808     6
   98  6364     6
   43  9364     9
   49  1931     1
   82  8807    10
    4  9843     4
   10  2830     6
   62  9024     6
   67   342     8
   11  3987     2
   40  5295     9
    3   200     5
   68  6204     2
   78  2899     8
   38  6326     7
   91  8678     1
   16  8741    10
   35 10710     1
   32  1674     6
   46  6923     5
    7  4488     2
   51  5634     8
   14  8717     9
  100  9291     7
   60 10329     2
   27  5946     1
   15 10819     1
    5  2958     6
   69  9128     8
   54 11030     6
   45  7764     1
   69  6584     3
   51  6043     2
   88  5777    10
   17  8516     4
   33  3498     1
   91  4268     3
   27 11346    10
   94  1171     7
